0.0 0.0 0.0
1.0 0.225495824386 1.48537134869
2.0 0.744317938208 1.52636228021
3.0 1.37572757955 3.33627396042
4.0 2.01372127133 3.60043174473
5.0 2.65353806613 4.80105579628
6.0 3.31100902494 5.21060578104
7.0 4.06042462005 6.12859331537
8.0 4.69146631667 6.55058570889
9.0 5.36042361431 7.45091147346
10.0 5.94507676572 7.87695187281
11.0 6.59173250675 8.78680037781
12.0 7.34660954614 9.04508488563
13.0 7.95690119055 9.6292958897
14.0 8.50013229634 10.2923418635
15.0 9.06683755633 10.8253775175
16.0 9.37011963494 11.1655454899
17.0 10.3461472734 11.7446571348
18.0 10.7270531008 12.3027830044
19.0 11.4536040063 12.4532784053
20.0 11.9097763904 12.9998296135
21.0 12.6013293205 13.657810639
22.0 13.139915664 13.7572147059
23.0 13.7659368815 14.4448866138
24.0 14.3087729949 14.9614781227
25.0 15.0772312561 15.1762937166
26.0 15.5746162931 15.5647109727
27.0 16.0761072732 15.9719570708
28.0 16.6216949075 16.5819756584
29.0 16.8522777018 16.829644369
30.0 17.4938753099 17.0849577966
31.0 17.6526221387 17.8496945591
32.0 17.627850926 18.177397659
33.0 18.4550300262 18.5069334056
34.0 18.8293989045 18.4001577379
35.0 19.3877340524 19.9847919496
36.0 19.721498849 19.7342131192
37.0 20.425640393 20.4867002039
38.0 21.3008647167 20.4073445756
39.0 20.7423807993 20.7615162259
40.0 21.1219248325 20.961638749
41.0 22.1991917045 21.8335087787
42.0 22.1001561498 21.7844258921
43.0 22.2653230637 22.4558136278
44.0 23.3282601489 22.5631315499
45.0 23.697973342 22.6125562978
46.0 23.9334020107 22.4974984344
47.0 24.772153601 23.1801467834
48.0 24.2033730916 23.8483995213
49.0 24.3747066447 24.3660663396
50.0 25.1492601681 24.9238733113
51.0 25.6439449208 25.2141649999
52.0 26.1397591715 25.2423520669
53.0 26.7064955601 26.2072669849
54.0 26.4859306623 26.0722139251
55.0 27.0488390636 25.8440503886
56.0 26.9121780752 26.6273377735
57.0 27.9386125211 26.8080318468
58.0 28.0461633256 26.8728223112
59.0 28.4749602192 27.7573372017
60.0 29.006139306 28.0701214863
61.0 29.2910237893 28.3857302935
62.0 29.3205631663 28.0393051614
63.0 29.031772083 28.895787577
64.0 29.437914472 29.1477692594
65.0 30.0139824563 28.6486545832
66.0 30.7807414404 30.3000385839
67.0 29.6307427865 30.0878891317
68.0 31.6242640543 30.1440671966
69.0 31.5122815984 29.7530948705
70.0 31.5140926751 31.2029191697
71.0 31.3591758633 30.5327864558
72.0 31.6170826449 30.9187009027
73.0 30.7007243886 31.8166948564
74.0 31.4106413906 31.82370329
75.0 32.4896527442 31.3937609669
76.0 33.2221194472 31.896757062
77.0 33.0470100364 32.1436573534
78.0 33.0433765372 32.6707584869
79.0 33.7951376218 33.0803401327
80.0 32.8778576609 33.2836533726
81.0 34.4353891075 33.7337646644
82.0 34.0331926416 33.5531825055
83.0 34.0530356594 34.5294555584
84.0 34.2358468521 33.5306020679
85.0 34.6279192649 33.6802720172
86.0 34.7133425286 34.1683908662
87.0 34.6444892913 34.8516025104
88.0 34.8328192448 35.2391971564
89.0 34.5999095058 35.1603888199
90.0 34.9046021688 35.3515074675
91.0 34.8016296784 36.4111031412
92.0 34.9186510456 36.2245172011
93.0 37.0144118309 36.6435894794
94.0 36.3049041308 36.3802915817
95.0 36.4545054555 36.2913253391
96.0 36.406656519 37.1631858296
97.0 36.6892918682 36.8535549029
98.0 36.8435061695 37.9202264607
99.0 37.2346238986 38.0826644416
100.0 37.194220174 37.6704462249
101.0 37.9283733875 37.5437425095
102.0 37.0187380311 37.7426925208
103.0 36.3730859171 37.2180458844
104.0 37.3678311406 37.6493832989
105.0 38.5842220062 39.4690731843
106.0 38.8463097722 38.6673260451
107.0 37.6993001923 38.5822438306
108.0 38.1117182551 38.935087631
109.0 38.4749817905 40.095589639
110.0 37.9458827709 39.102878429
111.0 37.8802028598 40.2618718881
112.0 38.0960672388 40.891069197
113.0 37.0862570025 40.0702375858
114.0 38.5215678113 41.321035546
115.0 38.5904139612 40.6461714833
116.0 38.7067056437 41.4567582152
117.0 38.9370411642 41.784238169
118.0 38.6164672215 41.9112033886
119.0 39.1646700873 42.0742555323
120.0 38.521066008 41.6104096794
121.0 38.7309291512 41.6441026744
122.0 38.8964085929 42.5035374609
123.0 38.9722626873 42.8699651239
124.0 39.5937952804 42.1929237287
125.0 39.7177301112 43.5842745899
126.0 39.4151154615 43.0724061435
127.0 40.4425708068 42.5659553734
128.0 nan nan
129.0 nan nan
130.0 nan nan
131.0 nan nan
132.0 nan nan
133.0 nan nan
134.0 nan nan
135.0 nan nan
136.0 nan nan
137.0 nan nan
138.0 nan nan
139.0 nan nan
140.0 nan nan
141.0 nan nan
142.0 nan nan
143.0 nan nan
144.0 nan nan
145.0 nan nan
146.0 nan nan
147.0 nan nan
148.0 nan nan
149.0 nan nan
150.0 nan nan
151.0 nan nan
152.0 nan nan
153.0 nan nan
154.0 nan nan
155.0 nan nan
156.0 nan nan
157.0 nan nan
158.0 nan nan
159.0 nan nan
160.0 nan nan
161.0 nan nan
162.0 nan nan
163.0 nan nan
164.0 nan nan
165.0 nan nan
166.0 nan nan
167.0 nan nan
168.0 nan nan
169.0 nan nan
170.0 nan nan
171.0 nan nan
172.0 nan nan
173.0 nan nan
174.0 nan nan
175.0 nan nan
176.0 nan nan
177.0 nan nan
178.0 nan nan
179.0 nan nan
180.0 nan nan
181.0 nan nan
182.0 nan nan
183.0 nan nan
184.0 nan nan
185.0 nan nan
186.0 nan nan
187.0 nan nan
188.0 nan nan
189.0 nan nan
190.0 nan nan
191.0 nan nan
192.0 nan nan
193.0 nan nan
194.0 nan nan
195.0 nan nan
196.0 nan nan
197.0 nan nan
198.0 nan nan
199.0 nan nan
200.0 nan nan
201.0 nan nan
202.0 nan nan
203.0 nan nan
204.0 nan nan
205.0 nan nan
206.0 nan nan
207.0 nan nan
208.0 nan nan
209.0 nan nan
210.0 nan nan
211.0 nan nan
212.0 nan nan
213.0 nan nan
214.0 nan nan
215.0 nan nan
216.0 nan nan
217.0 nan nan
218.0 nan nan
219.0 nan nan
220.0 nan nan
221.0 nan nan
222.0 nan nan
223.0 nan nan
224.0 nan nan
225.0 nan nan
226.0 nan nan
227.0 nan nan
228.0 nan nan
229.0 nan nan
230.0 nan nan
231.0 nan nan
232.0 nan nan
233.0 nan nan
234.0 nan nan
235.0 nan nan
236.0 nan nan
237.0 nan nan
238.0 nan nan
239.0 nan nan
240.0 nan nan
241.0 nan nan
242.0 nan nan
243.0 nan nan
244.0 nan nan
245.0 nan nan
246.0 nan nan
247.0 nan nan
248.0 nan nan
249.0 nan nan
250.0 nan nan
251.0 nan nan
252.0 nan nan
253.0 nan nan
254.0 nan nan
255.0 nan nan
