0.0 0.0 0.0
1.0 0.0631479505476 0.189027239993
2.0 0.0634447937288 0.190290655855
3.0 0.180975888652 0.59381841131
4.0 0.171772728287 0.623832463203
5.0 0.37902545917 0.982781289716
6.0 0.413313388502 1.10093577509
7.0 0.670954698232 1.37238548214
8.0 0.692878485423 1.43207347953
9.0 1.00114659457 1.75111863835
10.0 1.087100378 1.83415152594
11.0 1.34288185607 2.04389206837
12.0 1.46818940075 2.16449392907
13.0 1.72152564594 2.34819115352
14.0 1.87850333984 2.43524895489
15.0 2.16053848998 2.61404993514
16.0 2.32553175526 2.72260781825
17.0 2.52399747525 2.91306170255
18.0 2.69430129744 2.96131364186
19.0 2.94362509858 3.11449903205
20.0 3.09254220945 3.21340476912
21.0 3.28375938121 3.38082551512
22.0 3.39036254929 3.39224858558
23.0 3.57203458967 3.57176964417
24.0 3.660894864 3.59494815956
25.0 3.84382513006 3.67238711588
26.0 3.93064857603 3.72571974032
27.0 4.08911828195 3.77840829052
28.0 4.11661180649 3.76992261221
29.0 4.20923531131 3.86586518437
30.0 4.30570225512 3.88172875268
31.0 4.3526484443 3.95981686423
32.0 nan nan
33.0 nan nan
34.0 nan nan
35.0 nan nan
36.0 nan nan
37.0 nan nan
38.0 nan nan
39.0 nan nan
40.0 nan nan
41.0 nan nan
42.0 nan nan
43.0 nan nan
44.0 nan nan
45.0 nan nan
46.0 nan nan
47.0 nan nan
48.0 nan nan
49.0 nan nan
50.0 nan nan
51.0 nan nan
52.0 nan nan
53.0 nan nan
54.0 nan nan
55.0 nan nan
56.0 nan nan
57.0 nan nan
58.0 nan nan
59.0 nan nan
60.0 nan nan
61.0 nan nan
62.0 nan nan
63.0 nan nan
