0.0 0.0 0.0
1.0 0.00433832257073 0.00916372821313
2.0 0.00426821466275 0.00913505593039
3.0 0.0287720382159 0.0370002945083
4.0 0.0284494017191 0.0423233047478
5.0 0.0733214063626 0.0869930124724
6.0 0.0769688647355 0.106007141104
7.0 0.138468613258 0.154522442058
8.0 0.146537880123 0.164695896582
9.0 0.214518528928 0.231560651018
10.0 0.233889680414 0.258666399031
11.0 0.308464007212 0.310895542032
12.0 0.339636569759 0.354216704611
13.0 0.413830347966 0.40545639317
14.0 0.456643904178 0.45839715488
15.0 0.536519078894 0.514398001234
16.0 0.587504315103 0.552049453492
17.0 0.678773869766 0.613930046005
18.0 0.702700448106 0.666446295089
19.0 0.809338867992 0.729165780067
20.0 0.851796145099 0.755919204887
21.0 0.956621930461 0.832321015701
22.0 0.990410342847 0.875857653224
23.0 1.11342262986 0.948451319297
24.0 1.1471658898 0.97840895373
25.0 1.26702955669 1.0533740765
26.0 1.29668884097 1.07416025024
27.0 1.41297360653 1.15139875011
28.0 1.43054302476 1.18291113854
29.0 1.53198443723 1.23766857504
30.0 1.58337495514 1.2616632216
31.0 1.66247416711 1.33917981888
32.0 1.71268475138 1.35812941983
33.0 1.79031665504 1.41291597016
34.0 1.82967456009 1.45246324276
35.0 1.89838483083 1.51607735746
36.0 1.9468496671 1.53924309146
37.0 2.01500879405 1.57743590439
38.0 2.04417202456 1.62409506982
39.0 2.12103814271 1.67229426543
40.0 2.1276475556 1.70284994974
41.0 2.1940141541 1.72264640381
42.0 2.23007262196 1.76501711254
43.0 2.26530605053 1.81734479074
44.0 2.28460235259 1.83489737836
45.0 2.35908711787 1.85860138647
46.0 2.36760455436 1.90377635737
47.0 2.39241659435 1.9174891848
48.0 2.41106257523 1.95186582572
49.0 2.42592463838 1.97239319167
50.0 2.45705117954 2.002540804
51.0 2.48528938257 2.03317040016
52.0 2.51142075861 2.04777606404
53.0 2.49928853278 2.07663321456
54.0 2.51556835744 2.10086793322
55.0 2.52735446987 2.13158886651
56.0 2.52656424915 2.12696063451
57.0 2.52923209018 2.13678142543
58.0 2.55262730443 2.18032283073
59.0 2.55225987283 2.18775938656
60.0 2.57050761077 2.21281621044
61.0 2.54346527317 2.24772602933
62.0 2.57281466708 2.26052117417
63.0 2.55721716158 2.2679210736
64.0 nan nan
65.0 nan nan
66.0 nan nan
67.0 nan nan
68.0 nan nan
69.0 nan nan
70.0 nan nan
71.0 nan nan
72.0 nan nan
73.0 nan nan
74.0 nan nan
75.0 nan nan
76.0 nan nan
77.0 nan nan
78.0 nan nan
79.0 nan nan
80.0 nan nan
81.0 nan nan
82.0 nan nan
83.0 nan nan
84.0 nan nan
85.0 nan nan
86.0 nan nan
87.0 nan nan
88.0 nan nan
89.0 nan nan
90.0 nan nan
91.0 nan nan
92.0 nan nan
93.0 nan nan
94.0 nan nan
95.0 nan nan
96.0 nan nan
97.0 nan nan
98.0 nan nan
99.0 nan nan
100.0 nan nan
101.0 nan nan
102.0 nan nan
103.0 nan nan
104.0 nan nan
105.0 nan nan
106.0 nan nan
107.0 nan nan
108.0 nan nan
109.0 nan nan
110.0 nan nan
111.0 nan nan
112.0 nan nan
113.0 nan nan
114.0 nan nan
115.0 nan nan
116.0 nan nan
117.0 nan nan
118.0 nan nan
119.0 nan nan
120.0 nan nan
121.0 nan nan
122.0 nan nan
123.0 nan nan
124.0 nan nan
125.0 nan nan
126.0 nan nan
127.0 nan nan
