0.0 0.0 0.0
1.0 0.229355976539 0.230882526284
2.0 0.226653353875 0.22652455115
3.0 0.277281435243 0.578513871169
4.0 0.309197682762 0.578580394199
5.0 0.413586518088 0.794021491698
6.0 0.471682304653 0.787078435464
7.0 0.529131083776 0.909239438746
8.0 0.540324325111 0.953687354512
9.0 0.614050165013 1.01705510909
10.0 0.646183829547 1.01331040617
11.0 0.670501091007 1.05931551757
12.0 0.7110921321 1.11294525757
13.0 0.744491402764 1.14921720061
14.0 0.764752801309 1.15609628716
15.0 0.774663591071 1.15904148639
16.0 0.798964303771 1.13360771756
17.0 0.825562653 1.18251023706
18.0 0.849749633531 1.18493667506
19.0 0.864366940636 1.15125047587
20.0 0.866390363924 1.13254606552
21.0 0.857145462711 1.13541302439
22.0 0.886649102075 1.14676874992
23.0 0.869421448345 1.10074986388
24.0 0.897560330688 1.11639483069
25.0 0.889816864854 1.06815751071
26.0 0.90958550083 1.05748062451
27.0 0.8908088107 1.04341181877
28.0 0.881149263869 1.04485558543
29.0 0.86154371681 1.00080684645
30.0 0.909321010924 1.00736412119
31.0 0.893045662054 0.971728825287
32.0 0.902900572866 0.989812328996
33.0 0.901422512867 0.982756673396
34.0 0.904870639694 0.956256743583
35.0 0.890530082972 0.968083766302
36.0 0.892923385784 0.991814398269
37.0 0.861641519438 0.944720440178
38.0 0.870944345445 0.95602954534
39.0 0.884970771494 0.946905603445
40.0 0.884484775006 0.937506932032
41.0 0.868131425996 0.958363727843
42.0 0.887870428525 0.924771952993
43.0 0.874919807753 0.937137385362
44.0 0.894986145363 0.89997119846
45.0 0.895311621727 0.921258870129
46.0 0.899375718322 0.901572736904
47.0 0.897836372937 0.901918094721
48.0 0.896198687416 0.894512547536
49.0 0.896396998713 0.892549378721
50.0 0.904670314755 0.903618596536
51.0 0.895097351629 0.891866943718
52.0 0.899121468168 0.865255895888
53.0 0.892699981369 0.887206569381
54.0 0.912339308697 0.892267194503
55.0 0.916441256022 0.87729137133
56.0 0.90788459706 0.893770691793
57.0 0.921402745134 0.916171773886
58.0 0.926729293722 0.895853969625
59.0 0.912217601252 0.929688060134
60.0 0.906829073693 0.923362292348
61.0 0.907354124002 0.948173279081
62.0 0.907188020197 0.974245736198
63.0 0.930074405194 0.977632647607
64.0 nan nan
65.0 nan nan
66.0 nan nan
67.0 nan nan
68.0 nan nan
69.0 nan nan
70.0 nan nan
71.0 nan nan
72.0 nan nan
73.0 nan nan
74.0 nan nan
75.0 nan nan
76.0 nan nan
77.0 nan nan
78.0 nan nan
79.0 nan nan
80.0 nan nan
81.0 nan nan
82.0 nan nan
83.0 nan nan
84.0 nan nan
85.0 nan nan
86.0 nan nan
87.0 nan nan
88.0 nan nan
89.0 nan nan
90.0 nan nan
91.0 nan nan
92.0 nan nan
93.0 nan nan
94.0 nan nan
95.0 nan nan
96.0 nan nan
97.0 nan nan
98.0 nan nan
99.0 nan nan
100.0 nan nan
101.0 nan nan
102.0 nan nan
103.0 nan nan
104.0 nan nan
105.0 nan nan
106.0 nan nan
107.0 nan nan
108.0 nan nan
109.0 nan nan
110.0 nan nan
111.0 nan nan
112.0 nan nan
113.0 nan nan
114.0 nan nan
115.0 nan nan
116.0 nan nan
117.0 nan nan
118.0 nan nan
119.0 nan nan
120.0 nan nan
121.0 nan nan
122.0 nan nan
123.0 nan nan
124.0 nan nan
125.0 nan nan
126.0 nan nan
127.0 nan nan
