#  kx              |phi(kx)|^2
    0   3.2526911159810226E-02
    1   1.0150504276734806E+00
    2   5.4416786812249474E-01
    3   3.4136169789678544E-01
    4   5.4274214208646088E-02
    5   6.1752218801824584E-02
    6   1.6041874052086447E-02
    7   2.5438713001119263E-02
    8   7.9107462392040452E-03
    9   1.0029575550231741E-02
   10   4.0627532410618143E-03
   11   5.5331978913639090E-03
   12   2.7694286560058729E-03
   13   4.1718686091638752E-03
   14   1.5577664039637686E-03
   15   3.6140378354561973E-03
   16   1.2623627152308975E-03
   17   2.6435708813522347E-03
   18   8.8696336405960131E-04
   19   2.2501786071480322E-03
   20   7.1086487794654713E-04
   21   1.5585274876038250E-03
   22   5.3334676675185393E-04
   23   1.3225360033220068E-03
   24   4.0122697257823862E-04
   25   1.1246235732573155E-03
   26   3.5668026771063698E-04
   27   8.8798429116663039E-04
   28   2.9200770254821383E-04
   29   6.6942149218735165E-04
   30   2.7522567442735173E-04
   31   6.2946387930299264E-04
   32   2.3705428815071002E-04
   33   5.1233226203463542E-04
   34   1.9840898463743066E-04
   35   4.8538498545544571E-04
   36   1.7480302447900209E-04
   37   4.1490697448033382E-04
   38   1.5790700238113787E-04
   39   3.7569815857257444E-04
   40   1.3228207186733850E-04
   41   3.2947160522929709E-04
   42   1.2847068600649171E-04
   43   2.8296139187793698E-04
   44   1.0874247925722567E-04
   45   2.8338288729331433E-04
   46   1.0338170554480391E-04
   47   2.4131581640387970E-04
   48   1.0031427752227952E-04
   49   2.2637077261106843E-04
   50   9.4970207931513906E-05
   51   2.1209855038794361E-04
   52   8.0828980048834329E-05
   53   2.0252923296213153E-04
   54   7.2632246724161872E-05
   55   1.7562243513887776E-04
   56   6.9070504544477962E-05
   57   1.6289972432636230E-04
   58   6.2964850590421545E-05
   59   1.4400026083412579E-04
   60   6.2876877547116055E-05
   61   1.2063589076437791E-04
   62   5.4440645926623739E-05
   63   1.1310026033495273E-04
   64   4.9914061684678250E-05
   65   1.0792273395621909E-04
   66   4.3788500172471476E-05
   67   9.2039336554980341E-05
   68   4.0094059617619766E-05
   69   9.1957654666404746E-05
   70   3.9924276030033336E-05
   71   7.7563691993389445E-05
   72   3.5703392879183573E-05
   73   8.1748976699664780E-05
   74   3.7122405796212342E-05
   75   7.3363842680222580E-05
   76   3.3703958492594971E-05
   77   7.3950132591175637E-05
   78   3.1280125601702926E-05
   79   6.9390870414852022E-05
   80   2.9070006101149792E-05
   81   6.2051368237181869E-05
   82   2.4976609634754929E-05
   83   6.1372666351343727E-05
   84   2.3776947638260604E-05
   85   5.3720276065985997E-05
   86   2.1352749263781883E-05
   87   5.1361160267895484E-05
   88   1.9446110339054282E-05
   89   4.6814770171005112E-05
   90   1.6844196122529373E-05
   91   4.4882141434032788E-05
   92   1.6356758954734854E-05
   93   4.0754262290241403E-05
   94   1.4077302987251363E-05
   95   3.9157274321936238E-05
   96   1.4334495441413017E-05
   97   3.7637114527184603E-05
   98   1.2549111366006846E-05
   99   3.6285117267303617E-05
  100   1.3012759551209638E-05
  101   3.3159225781902125E-05
  102   1.2490471558492631E-05
  103   3.2369680220937053E-05
  104   1.1894054589458464E-05
  105   2.9912708289488229E-05
  106   1.1294325154456183E-05
  107   2.6997134820840401E-05
  108   9.7889667894214145E-06
  109   2.6266162611647033E-05
  110   9.5439462701337835E-06
  111   2.2844256349077193E-05
  112   8.3879551514865828E-06
  113   2.0581764436537882E-05
  114   8.1838160941822676E-06
  115   1.8136050279975059E-05
  116   6.9968002890928392E-06
  117   1.6821779890691070E-05
  118   7.0337631675410713E-06
  119   1.5597237495170618E-05
  120   6.4681714585665742E-06
  121   1.7578290303968473E-05
  122   5.5435530857802195E-06
  123   1.6114136847230564E-05
  124   5.6415923823061347E-06
  125   1.5577644374006326E-05
  126   5.1261408610626218E-06
  127   1.4484975327987928E-05
  128   5.1672975531742342E-06
  129   1.3912377928128779E-05
  130   4.4941230384764067E-06
  131   1.4091756266597034E-05
  132   4.3833606598022528E-06
  133   1.4078963574368338E-05
  134   4.3127786820439390E-06
  135   1.4411302473747610E-05
  136   3.9187357403605251E-06
  137   1.2269269008441127E-05
  138   3.9179865767293877E-06
  139   1.1037963695627331E-05
  140   4.0547714563240591E-06
  141   9.0394131181279068E-06
  142   3.7693946942791896E-06
  143   8.1497422015841065E-06
  144   3.2541762842490693E-06
  145   8.8227491101322590E-06
  146   3.2947260801984125E-06
  147   8.0294235988075239E-06
  148   3.1784750863325449E-06
  149   7.9805967197575023E-06
  150   2.9626105036192619E-06
  151   6.2347900028633010E-06
  152   3.0521053337497679E-06
  153   5.3854347574711061E-06
  154   2.7447779311529873E-06
  155   6.1762715632474970E-06
  156   2.7087493339626264E-06
  157   5.8240206830055263E-06
  158   2.8321407295543566E-06
  159   6.0970179563048901E-06
  160   2.7788111811863140E-06
  161   6.3086438910708858E-06
  162   2.5700867702533804E-06
  163   4.4828590014985582E-06
  164   2.3291673766003231E-06
  165   4.6593636716340362E-06
  166   2.3705841399922245E-06
  167   6.2242915424228319E-06
  168   2.3385502726287839E-06
  169   6.0942318168598742E-06
  170   2.0369593541074134E-06
  171   4.0601235691645418E-06
  172   2.3609396967168179E-06
  173   3.5706380381233118E-06
  174   1.9482233166142384E-06
  175   4.9983804138764456E-06
  176   1.7959208877922434E-06
  177   4.3543495260697915E-06
  178   2.2543176825935369E-06
  179   3.1517449900121043E-06
  180   1.8338788678531051E-06
  181   3.0575792303529502E-06
  182   1.6095738788799229E-06
  183   3.2371866364920316E-06
  184   1.7393034611802592E-06
  185   2.8173016011989281E-06
  186   1.5982446323666083E-06
  187   2.5915419636312445E-06
  188   1.3984694141072007E-06
  189   2.6348428932501850E-06
  190   1.4684903500616722E-06
  191   2.5570210224554510E-06
  192   1.5682004332983854E-06
  193   2.4062258520888543E-06
  194   1.4074507511807603E-06
  195   2.2964080384814797E-06
  196   1.3433991316409823E-06
  197   2.2282435593526391E-06
  198   1.4339357773608610E-06
  199   2.1321629841825179E-06
  200   1.3960790502549820E-06
  201   2.0622997965154350E-06
  202   1.2658854481816983E-06
  203   1.9167447573428673E-06
  204   1.1187368706967180E-06
  205   1.8816901816458531E-06
  206   1.1360871385076380E-06
  207   1.7486411364672086E-06
  208   1.1594199272062356E-06
  209   1.6154845589152684E-06
  210   1.0856111384917113E-06
  211   1.4383151737417060E-06
  212   1.0164908936698227E-06
  213   1.4170979070128333E-06
  214   1.0168570692727207E-06
  215   1.4354643231373815E-06
  216   1.0267554596202409E-06
  217   1.3112264665671700E-06
  218   1.0249000134028803E-06
  219   1.2869134161391862E-06
  220   9.3972941125032454E-07
  221   1.2339958149457792E-06
  222   9.4004753313549229E-07
  223   1.1538319595385171E-06
  224   8.8764645249949271E-07
  225   1.1942066082047708E-06
  226   8.7236328521995065E-07
  227   1.0903942032771644E-06
  228   8.4622149409897028E-07
  229   1.0756365020215597E-06
  230   7.7975614929843744E-07
  231   1.0030558760952804E-06
  232   7.8446568255938584E-07
  233   9.5768629142026692E-07
  234   7.7733832667385819E-07
  235   9.5622319478068434E-07
  236   7.4453760627955059E-07
  237   8.7595496524694670E-07
  238   8.0105098379256535E-07
  239   8.6968242931034717E-07
  240   7.9860332910136800E-07
  241   8.7765039218880949E-07
  242   8.2308122292324322E-07
  243   8.8407220648508350E-07
  244   8.3230321289908943E-07
  245   8.3432858594129896E-07
  246   8.3044444681171877E-07
  247   8.2528899150168379E-07
  248   8.0398174422241201E-07
  249   7.7094146213947377E-07
  250   7.5876462439701773E-07
  251   7.8300877889649611E-07
  252   7.2979708000682008E-07
  253   7.9685656885601504E-07
  254   7.5038299162843785E-07
  255   7.5679807347188714E-07
  256   7.9207628935497983E-07
