#   k               |phi(k)|^2
    0   2.2280159779191337E-07
    1   7.9168938591497329E-01
    2   5.1371667492484474E-01
    3   3.5710981197278391E-01
    4   1.2809171454311533E-01
    5   8.9881633264486352E-02
    6   4.7655410617340452E-02
    7   5.2234773126305402E-02
    8   2.4865112229702949E-02
    9   1.5837479496408839E-02
   10   2.0053417514867406E-02
   11   8.2499399918905605E-03
   12   1.3195967300641336E-02
   13   9.9326310429914810E-03
   14   6.2881130707270697E-03
   15   5.8142176215224602E-03
   16   5.1158161019882213E-03
   17   3.8196862291487170E-03
   18   2.3636435688199021E-03
   19   2.9691717815861578E-03
   20   2.9456187507196810E-03
   21   3.4837093449062054E-03
   22   2.4712162939634231E-03
   23   1.9584770992731341E-03
   24   1.7932006283708545E-03
   25   2.0406935057471712E-03
   26   1.9123239222635846E-03
   27   1.4997022643182263E-03
   28   1.2630813411007883E-03
   29   1.9072663189353099E-03
   30   1.2418119006214143E-03
   31   1.6196696943222588E-03
   32   7.7527168879805983E-04
   33   1.0581060770099521E-03
   34   1.1011902887891984E-03
   35   7.5535240579729067E-04
   36   1.0356386225548375E-03
   37   1.0356667759708197E-03
   38   1.1151560770381228E-03
   39   1.0874588329429582E-03
   40   9.5370831492110411E-04
   41   8.1534727464611847E-04
   42   6.9562630871511139E-04
   43   8.1329536754407635E-04
   44   7.3535610439110443E-04
   45   7.2416145258360467E-04
   46   5.2134192560044463E-04
   47   4.6152797754588933E-04
   48   6.3103679087914664E-04
   49   6.7284915284373419E-04
   50   4.1381564797163684E-04
   51   3.9306856564735415E-04
   52   3.8389694289074893E-04
   53   3.5913846717314777E-04
   54   3.9556438575235676E-04
   55   4.1873429057146856E-04
   56   4.6950979714709671E-04
   57   2.8744315575219610E-04
   58   4.8506700731172381E-04
   59   3.6080079382053468E-04
   60   4.8139943053065906E-04
   61   3.2943160444122064E-04
   62   2.9319205830425710E-04
   63   3.0380119246303967E-04
   64   2.4261630684189686E-04
   65   2.6095540847043624E-04
   66   2.4494143172727555E-04
   67   2.3186776480401005E-04
   68   2.7269886268413901E-04
   69   2.2880042602391222E-04
   70   2.1743251668202414E-04
   71   2.0426360156328266E-04
   72   2.4545467810701763E-04
   73   1.8263495853111265E-04
   74   1.6022515233435938E-04
   75   2.1939212582606737E-04
   76   1.8532440979510646E-04
   77   1.9284515513691888E-04
   78   1.4408204344147074E-04
   79   1.7788536057646508E-04
   80   1.5999865324825273E-04
   81   1.8204234467188797E-04
   82   1.7301765721679116E-04
   83   1.2594542861517767E-04
   84   1.6696480622390922E-04
   85   1.3463485509851414E-04
   86   1.1640549008167508E-04
   87   1.3270793451043407E-04
   88   1.2836174436814171E-04
   89   1.3509946385081192E-04
   90   9.5482174506550301E-05
   91   1.2203081789517744E-04
   92   1.0689459745976651E-04
   93   1.2755455416765297E-04
   94   1.1319265644364731E-04
   95   1.0615736168977957E-04
   96   9.4412612303237752E-05
   97   1.0536112830260541E-04
   98   9.9855732077534985E-05
   99   9.8628793625528567E-05
  100   1.1750972731015552E-04
  101   8.9890115646364130E-05
  102   1.0295039074911129E-04
  103   9.9166761504737284E-05
  104   9.3519228921145004E-05
  105   9.8947791623608150E-05
  106   1.1207797661204254E-04
  107   9.2912629137892859E-05
  108   1.1198748468999316E-04
  109   7.2787428617091722E-05
  110   8.8586024700635399E-05
  111   8.3349973813927680E-05
  112   7.7715171011874363E-05
  113   7.7128435294763285E-05
  114   9.2891220680914381E-05
  115   7.4163720781078053E-05
  116   7.9873633369275578E-05
  117   6.8986757866307003E-05
  118   6.5112516905548051E-05
  119   6.9822596401669353E-05
  120   6.6347035485475215E-05
  121   6.3949890124255425E-05
  122   6.2429122104621764E-05
  123   7.7419696952785494E-05
  124   4.9003515442486339E-05
  125   6.8944987444649318E-05
  126   6.2718448792125375E-05
  127   5.6945092839557708E-05
  128   5.9343933438166203E-05
  129   5.3168327785105594E-05
  130   6.0585136484270971E-05
  131   5.7109820997390831E-05
  132   6.4942896774213823E-05
  133   6.4757818165264952E-05
  134   5.0815007980910733E-05
  135   4.5571178334674842E-05
  136   4.6777906342248163E-05
  137   4.9872419498464015E-05
  138   4.6712873159659027E-05
  139   4.9301762573822611E-05
  140   4.9126672165126154E-05
  141   5.0743078722006953E-05
  142   4.6673146850406616E-05
  143   4.5970645007466365E-05
  144   4.1358826507902225E-05
  145   4.9870468903555451E-05
  146   3.9711079588069736E-05
  147   4.3934529860103557E-05
  148   4.1781220595144675E-05
  149   4.1747448257278462E-05
  150   4.1826403585400555E-05
  151   3.3391122555477288E-05
  152   3.8924018423453391E-05
  153   3.1740845832889512E-05
  154   3.4909657861402622E-05
  155   2.7495819450263735E-05
  156   3.2139625867331795E-05
  157   3.4406650899623929E-05
  158   2.8838101134781048E-05
  159   3.4183054190170439E-05
  160   2.8409141321531898E-05
  161   3.4138924677211818E-05
  162   2.9937083812180864E-05
  163   2.2552655734859194E-05
  164   2.5849399504189532E-05
  165   2.6916168643380186E-05
  166   2.4319143043951533E-05
  167   2.7351852882388865E-05
  168   2.1849249025258416E-05
  169   2.5994345861091200E-05
  170   1.9944515200326832E-05
  171   2.0680137463121325E-05
  172   2.3210604911926241E-05
  173   2.2679900423545021E-05
  174   2.1299721843003364E-05
  175   2.0030412527507894E-05
  176   1.9990960058187605E-05
  177   1.9420099779745556E-05
  178   2.2506969108295048E-05
  179   1.9764333771882846E-05
  180   1.8308969310059265E-05
  181   1.9574108464079805E-05
  182   1.9428874784566641E-05
  183   2.0773582533337779E-05
  184   1.7536467423615733E-05
  185   2.0952158396844905E-05
  186   2.1488961641871966E-05
  187   1.6904405215222230E-05
  188   1.7622745124596537E-05
  189   1.7741803572592959E-05
  190   1.8096440438099285E-05
  191   1.5675530362535917E-05
  192   1.6035786568771452E-05
  193   1.7525938358011951E-05
  194   1.3856900204716401E-05
  195   1.6433426230182774E-05
  196   1.3465912683112047E-05
  197   1.4797266835500589E-05
  198   1.7367319938529068E-05
  199   1.3321092992509286E-05
  200   1.5876817545043194E-05
  201   1.6555940081587153E-05
  202   1.4754769676610076E-05
  203   1.4822717050597731E-05
  204   1.4623805553551102E-05
  205   1.4457194894546870E-05
  206   1.4019679190579682E-05
  207   1.3815889687848510E-05
  208   1.4797282222671542E-05
  209   1.1285403445118702E-05
  210   1.2057180588422334E-05
  211   1.2223382031734951E-05
  212   1.1525782913481118E-05
  213   1.1656829569477190E-05
  214   1.0085642810671507E-05
  215   9.7495093001312662E-06
  216   1.0965847671164216E-05
  217   1.1129578364621601E-05
  218   9.4913026309911332E-06
  219   1.1666079700248996E-05
  220   1.0435926485294495E-05
  221   1.0580794692270323E-05
  222   9.8593891172398656E-06
  223   8.9045633113003543E-06
  224   9.5979675996128818E-06
  225   9.7260794411384494E-06
  226   8.8115111104395933E-06
  227   1.0364503303774791E-05
  228   1.0193559970522285E-05
  229   1.0639554011716263E-05
  230   1.0307800106419173E-05
  231   9.8577369544706882E-06
  232   9.3029732960993081E-06
  233   9.6628835367246399E-06
  234   1.0278139759701967E-05
  235   8.3551510761153990E-06
  236   9.1829473181996462E-06
  237   9.5638556393809791E-06
  238   8.5785633183681362E-06
  239   9.8769595238804656E-06
  240   8.1782081742375446E-06
  241   1.0391977655258507E-05
  242   8.4481486700973726E-06
  243   8.8949341423618251E-06
  244   9.5568047176610946E-06
  245   8.3342976957739685E-06
  246   8.7176253952456083E-06
  247   8.1697677742297106E-06
  248   8.8655537970543358E-06
  249   8.0294040405080690E-06
  250   7.8375762929707871E-06
  251   8.7813668997046380E-06
  252   8.0901245009345122E-06
  253   8.5389166330917212E-06
  254   7.6714482147475605E-06
  255   7.2565816753549219E-06
  256   7.1261781073468472E-06
