# kyz             |phi(kyz)|^2
    0   5.0740050476812470E-31
    1   1.4391728190036761E+00
    2   1.7967808261096521E-01
    3   1.8488105730227286E-01
    4   9.6024208696060112E-02
    5   4.0594695073331320E-02
    6   4.3603024827523665E-02
    7   3.6272052446679866E-02
    8   2.9018652761492684E-02
    9   9.3927714017980387E-03
   10   1.7223443820286611E-02
   11   8.4906094186000033E-03
   12   1.0716383336435372E-02
   13   8.2586928461945951E-03
   14   4.7730624156640013E-03
   15   7.0658282453613160E-03
   16   5.3120313053947989E-03
   17   1.7295893600687839E-03
   18   2.2186301297388894E-03
   19   2.4799722576815480E-03
   20   4.2958425726756094E-03
   21   3.7778349286495417E-03
   22   2.2323898435174351E-03
   23   2.7588453280857762E-03
   24   1.2533377009093401E-03
   25   1.1714381491086802E-03
   26   1.7013137634685062E-03
   27   9.3285032956415173E-04
   28   9.8720982847531826E-04
   29   1.1726024419184816E-03
   30   1.7984897582265481E-03
   31   1.3253208531318755E-03
   32   8.6039887368376841E-04
   33   5.3292837029931086E-04
   34   1.5371989534324938E-03
   35   1.1433857722650763E-03
   36   1.2135919288426545E-03
   37   7.0525180966437531E-04
   38   9.8930848303637191E-04
   39   8.0037951434681280E-04
   40   7.7295612121756766E-04
   41   8.7411837485171652E-04
   42   5.8546819608315548E-04
   43   8.7415255480872251E-04
   44   6.0358682203873215E-04
   45   7.7999777949682445E-04
   46   5.4828362106447122E-04
   47   3.8809429251925590E-04
   48   5.6152611922827126E-04
   49   6.4484354482153422E-04
   50   4.6396592252853554E-04
   51   2.8752356100595667E-04
   52   6.0939995373196997E-04
   53   3.4030608198210005E-04
   54   4.2567624820092937E-04
   55   5.0832005043555996E-04
   56   4.7085781601354534E-04
   57   5.3689505641472873E-05
   58   5.1688500317140804E-04
   59   3.4119050294577710E-04
   60   4.7277550118035306E-04
   61   2.6740217269248409E-04
   62   4.6371580855958779E-04
   63   3.0707803109058878E-04
   64   1.8758742145828824E-04
   65   1.1799979253276262E-04
   66   3.2048148793016438E-04
   67   1.3404730797486662E-04
   68   2.4801580130226795E-04
   69   2.3985348101046889E-04
   70   1.9779458168865354E-04
   71   1.6822181938320186E-04
   72   2.4926278073911039E-04
   73   1.4968180436124152E-04
   74   1.0499845336659013E-04
   75   2.7352119936153546E-04
   76   2.2888669586656980E-04
   77   2.6636514517244022E-04
   78   1.3234431665108099E-04
   79   1.3414140635486946E-04
   80   1.1286954563460290E-04
   81   1.4518335858703282E-04
   82   1.1636938534624962E-04
   83   1.4165087859332418E-04
   84   1.0490942988086343E-04
   85   2.0689703939057343E-04
   86   9.5039667509139931E-05
   87   1.7235409935594751E-04
   88   2.2755682959700626E-04
   89   1.0197170298256063E-04
   90   1.9204973497058959E-04
   91   9.8621425151548152E-05
   92   2.4745782451215422E-04
   93   1.8857305387497342E-04
   94   5.9534153232705817E-05
   95   1.3391819717428879E-04
   96   1.3548517510052910E-04
   97   1.3365588560040203E-04
   98   1.0241066785850662E-04
   99   1.3680070569037088E-04
  100   1.6251869345562561E-04
  101   7.3623504797792674E-05
  102   1.1786243976785415E-04
  103   1.0900166871736116E-04
  104   1.5915053571379631E-04
  105   8.2227828260310649E-05
  106   1.2203806451406981E-04
  107   1.0057873709301892E-04
  108   1.7041846435234190E-04
  109   8.1557109018772991E-05
  110   1.0949594113412440E-04
  111   8.2739747819611677E-05
  112   1.0826043493116160E-04
  113   5.7942290517289657E-05
  114   1.0351527643216905E-04
  115   7.2271525648404618E-05
  116   9.0843065798525669E-05
  117   1.4325693433913991E-04
  118   4.3579975046944048E-05
  119   9.0302749631559684E-05
  120   5.0425680423491577E-05
  121   7.7806056912692421E-05
  122   2.8833056888951578E-05
  123   1.0210988800403855E-04
  124   8.7357427778233298E-05
  125   7.9187581035453718E-05
  126   9.1871515485138016E-05
  127   4.1415889264073811E-05
  128   8.6413503384541923E-05
  129   1.1170516369093237E-04
  130   7.6614035610753640E-05
  131   9.5109916360315726E-05
  132   8.8640856055993499E-05
  133   7.1406595965294327E-05
  134   5.8420168570853978E-05
  135   6.4868821427492991E-05
  136   8.0266663697649350E-05
  137   5.9834758825243896E-05
  138   6.8162391483982725E-05
  139   5.1938942190208912E-05
  140   3.7321982631866423E-05
  141   6.0322607999166478E-05
  142   7.2609257745434081E-05
  143   4.5665765046525477E-05
  144   6.8151089598991033E-05
  145   7.4794474008650435E-05
  146   7.5017361893578246E-05
  147   4.2932450772977852E-05
  148   7.5374830223566734E-05
  149   7.7346813292665514E-05
  150   6.7665520436727117E-05
  151   3.3656356969930609E-05
  152   4.6856635584388946E-05
  153   4.5463976400138254E-05
  154   3.9708611161242362E-05
  155   2.6845025061122704E-05
  156   2.1042541595194026E-05
  157   3.9311113829893316E-05
  158   3.5840384009840212E-05
  159   4.0253195870678051E-05
  160   4.2841065418000822E-05
  161   5.3583860639981020E-05
  162   3.6875695532412347E-05
  163   1.6573444757006979E-05
  164   2.4161965163831264E-05
  165   2.3311100118409654E-05
  166   4.6098521855217837E-05
  167   5.8791908056714857E-05
  168   4.4292291469175668E-05
  169   4.7521107381172538E-05
  170   2.5923436420388616E-05
  171   2.9412518730903760E-05
  172   3.8996172887758543E-05
  173   4.7839284485089796E-05
  174   4.7318150656562560E-05
  175   2.5288379846187177E-05
  176   3.3968604304981209E-05
  177   5.4626660889781684E-05
  178   5.0111081858411198E-05
  179   2.7781490236038031E-05
  180   3.3918366358774876E-05
  181   2.8617918383548016E-05
  182   4.2605704435067450E-05
  183   2.1543670633362936E-05
  184   3.6255466524578467E-05
  185   6.0635145646285950E-05
  186   4.0639886347300007E-05
  187   2.8778800107197728E-05
  188   2.0814756822369878E-05
  189   4.5450424161567489E-05
  190   1.3648444747337435E-05
  191   4.0771010008186344E-05
  192   3.2059018034359344E-05
  193   2.1289323838655398E-05
  194   2.5464934704665818E-05
  195   4.5769538426649737E-05
  196   2.3518944174818154E-05
  197   1.5919012973070532E-05
  198   3.7154794115942367E-05
  199   3.0865220199031803E-05
  200   2.9511247705341786E-05
  201   3.9566988787179542E-05
  202   3.2274772658960538E-05
  203   3.5887541981870134E-05
  204   2.5707640426405114E-05
  205   4.2986606401765863E-05
  206   3.4858201190507577E-05
  207   1.5886624363255006E-05
  208   3.2352131407227708E-05
  209   2.1137583002263078E-05
  210   2.0244240813095415E-05
  211   1.5518894157006303E-05
  212   1.9347365035140522E-05
  213   2.2771668530388538E-05
  214   1.9970097688709535E-05
  215   3.9823066248607635E-05
  216   2.5882585664776832E-05
  217   2.6743024795663642E-05
  218   2.3352300134507009E-05
  219   2.8253307824344582E-05
  220   1.9818298638960711E-05
  221   1.4245885606350852E-05
  222   1.9336442139034131E-05
  223   1.4507090811235369E-05
  224   2.0194319254433562E-05
  225   2.0798343582217120E-05
  226   3.1175955854647229E-05
  227   2.8563820860692218E-05
  228   2.6057194685271412E-05
  229   1.6296016024684666E-05
  230   2.2020757131219739E-05
  231   2.2590957408535551E-05
  232   7.7843693827121180E-06
  233   2.6333178481945613E-05
  234   2.3880357205358359E-05
  235   1.6428440665645591E-05
  236   2.2132385846874177E-05
  237   1.4298139477069391E-05
  238   2.3488115311754648E-05
  239   1.5716783016816056E-05
  240   2.6046810126502033E-05
  241   2.0389609505189478E-05
  242   2.2982066563413643E-05
  243   1.2282042045855228E-05
  244   3.2992487210621950E-05
  245   2.2371695620424994E-05
  246   8.5601212599089906E-06
  247   2.1639947213337206E-05
  248   2.2349032991798508E-05
  249   2.4586661673986494E-05
  250   1.0718909480006437E-05
  251   2.4897681709899237E-05
  252   1.2337076660912457E-05
  253   2.0281790776860691E-05
  254   1.7453391509030345E-05
  255   2.0579323809799562E-05
  256   6.7262237865799012E-31
