0.0 0.0 0.0
1.0 0.00570979024048 0.146154281167
2.0 0.0212678363836 0.290140300597
3.0 0.0441280471253 0.414677449308
4.0 0.0719588395735 0.518512969465
5.0 0.102284837881 0.617158507363
6.0 0.135844455374 0.702956827494
7.0 0.170439049657 0.801345901673
8.0 0.19823058779 0.878663501695
9.0 0.232821773195 0.950554510383
10.0 0.264745696896 1.03477789408
11.0 0.299603979247 1.11561431468
12.0 0.331814140926 1.20375587233
13.0 0.367232474444 1.24186268109
14.0 0.40204604689 1.30916085086
15.0 0.420993683516 1.37823428225
16.0 0.47535131773 1.48579443107
17.0 0.500511875256 1.51412246072
18.0 0.530200710714 1.56202373088
19.0 0.561049752342 1.64951349754
20.0 0.601464104952 1.70023243515
21.0 0.630459908216 1.73538874145
22.0 0.676195827747 1.77439743332
23.0 0.698955019447 1.81924990613
24.0 0.732918180906 1.85769076122
25.0 0.761782548609 1.89319257289
26.0 0.804191058592 1.97631323824
27.0 0.829914951884 1.99263577112
28.0 0.86536186158 2.06045203924
29.0 0.868304447453 2.0831355845
30.0 0.926445173476 2.12915281425
31.0 0.98992783594 2.16883693916
32.0 0.977458985309 2.18222377907
33.0 1.03294586159 2.22681417457
34.0 1.06787747946 2.2816746198
35.0 1.07218350683 2.28023105877
36.0 1.10268559619 2.34753135087
37.0 1.12367651193 2.30671226491
38.0 1.16856207543 2.35334852879
39.0 1.15608089075 2.42127140395
40.0 1.201539956 2.46703506956
41.0 1.28064225181 2.44105135815
42.0 1.27539507667 2.48025268424
43.0 1.33178939262 2.46744469223
44.0 1.35037611094 2.54452024081
45.0 1.39056220718 2.5572444368
46.0 1.41106034305 2.47801685776
47.0 1.42958819976 2.54724165238
48.0 1.48417489606 2.60102604899
49.0 1.51025467321 2.64024011134
50.0 1.53139551251 2.55259868055
51.0 1.55091508714 2.66286997122
52.0 1.57754990895 2.62708721452
53.0 1.61253488773 2.6181136779
54.0 1.61335233247 2.66195850565
55.0 1.60353343945 2.6335337044
56.0 1.66673269924 2.60110076857
57.0 1.65791419842 2.72250088975
58.0 1.7282017839 2.70592828384
59.0 1.75015470989 2.73779359163
60.0 1.76082435224 2.72712047845
61.0 1.76462946403 2.74399232788
62.0 1.83352493632 2.76582913907
63.0 1.90841852729 2.71559364493
64.0 1.8915369165 2.74206573706
65.0 1.92956669033 2.73270188036
66.0 1.93181280528 2.7496495625
67.0 1.9662835668 2.76886047418
68.0 1.96576141802 2.81807271325
69.0 2.02570535478 2.80024318235
70.0 2.03431259955 2.83565104373
71.0 2.08441853275 2.85927580184
72.0 2.0819686006 2.90642244905
73.0 2.04473337262 2.87075580998
74.0 2.16551160895 2.90301499434
75.0 2.1464748732 2.85025898313
76.0 2.18326509728 2.93781916447
77.0 2.18805953928 2.91210716102
78.0 2.2089137371 2.88117600726
79.0 2.21470473171 2.97899698794
80.0 2.24036040336 2.96078105701
81.0 2.32805981265 2.96871919892
82.0 2.29510277141 2.92917885623
83.0 2.29307773963 2.9918434304
84.0 2.35289441026 3.09572833082
85.0 2.41218848597 2.98328041435
86.0 2.42877557252 3.08839708509
87.0 2.37005214952 3.02294722949
88.0 2.41583132513 3.01921235823
89.0 2.41237036971 3.05937082902
90.0 2.48802424095 2.99826481713
91.0 2.48325984498 3.11549773935
92.0 2.47159426263 3.01477581199
93.0 2.55154172737 3.049962863
94.0 2.51863275934 3.04807326175
95.0 2.64968074813 3.10188534562
96.0 2.58678816225 3.02406425494
97.0 2.62077265114 3.03922894447
98.0 2.65000489928 2.98004794609
99.0 2.59884123414 2.98865109488
100.0 2.62971105246 3.04733643521
101.0 2.7367254492 3.07378016732
102.0 2.71223375176 3.02703927026
103.0 2.71700944332 3.07168344484
104.0 2.73421262327 3.0310509601
105.0 2.64358121867 3.02917352297
106.0 2.80814823438 2.9996767751
107.0 2.83708513238 2.99666486146
108.0 2.74596828789 3.03116558766
109.0 2.89397703553 2.99391561871
110.0 2.85584630598 3.032142333
111.0 2.85792095358 2.97495183007
112.0 2.82623714458 2.98417485134
113.0 2.85615890037 2.99152154282
114.0 2.81341397172 3.11605008104
115.0 2.97657416284 2.99363891888
116.0 2.95104294044 3.04348983714
117.0 2.99267777598 3.05635045545
118.0 2.97314988475 3.06385513332
119.0 2.94422385891 3.00511527321
120.0 2.98518812138 3.0873410301
121.0 2.99148862359 2.97195628616
122.0 3.0308949528 3.02456836959
123.0 3.05232002342 2.95902899633
124.0 3.02284139723 2.97200526405
125.0 3.06286822145 2.98769382242
126.0 3.13596372601 2.9978644464
127.0 3.0827505464 3.05013582898
128.0 nan nan
129.0 nan nan
130.0 nan nan
131.0 nan nan
132.0 nan nan
133.0 nan nan
134.0 nan nan
135.0 nan nan
136.0 nan nan
137.0 nan nan
138.0 nan nan
139.0 nan nan
140.0 nan nan
141.0 nan nan
142.0 nan nan
143.0 nan nan
144.0 nan nan
145.0 nan nan
146.0 nan nan
147.0 nan nan
148.0 nan nan
149.0 nan nan
150.0 nan nan
151.0 nan nan
152.0 nan nan
153.0 nan nan
154.0 nan nan
155.0 nan nan
156.0 nan nan
157.0 nan nan
158.0 nan nan
159.0 nan nan
160.0 nan nan
161.0 nan nan
162.0 nan nan
163.0 nan nan
164.0 nan nan
165.0 nan nan
166.0 nan nan
167.0 nan nan
168.0 nan nan
169.0 nan nan
170.0 nan nan
171.0 nan nan
172.0 nan nan
173.0 nan nan
174.0 nan nan
175.0 nan nan
176.0 nan nan
177.0 nan nan
178.0 nan nan
179.0 nan nan
180.0 nan nan
181.0 nan nan
182.0 nan nan
183.0 nan nan
184.0 nan nan
185.0 nan nan
186.0 nan nan
187.0 nan nan
188.0 nan nan
189.0 nan nan
190.0 nan nan
191.0 nan nan
192.0 nan nan
193.0 nan nan
194.0 nan nan
195.0 nan nan
196.0 nan nan
197.0 nan nan
198.0 nan nan
199.0 nan nan
200.0 nan nan
201.0 nan nan
202.0 nan nan
203.0 nan nan
204.0 nan nan
205.0 nan nan
206.0 nan nan
207.0 nan nan
208.0 nan nan
209.0 nan nan
210.0 nan nan
211.0 nan nan
212.0 nan nan
213.0 nan nan
214.0 nan nan
215.0 nan nan
216.0 nan nan
217.0 nan nan
218.0 nan nan
219.0 nan nan
220.0 nan nan
221.0 nan nan
222.0 nan nan
223.0 nan nan
224.0 nan nan
225.0 nan nan
226.0 nan nan
227.0 nan nan
228.0 nan nan
229.0 nan nan
230.0 nan nan
231.0 nan nan
232.0 nan nan
233.0 nan nan
234.0 nan nan
235.0 nan nan
236.0 nan nan
237.0 nan nan
238.0 nan nan
239.0 nan nan
240.0 nan nan
241.0 nan nan
242.0 nan nan
243.0 nan nan
244.0 nan nan
245.0 nan nan
246.0 nan nan
247.0 nan nan
248.0 nan nan
249.0 nan nan
250.0 nan nan
251.0 nan nan
252.0 nan nan
253.0 nan nan
254.0 nan nan
255.0 nan nan
