0.0 2144518890549.9387
1.0 774556758343.1045
2.0 278586042815.11395
3.0 147604904177.2453
4.0 92388777302.63943
5.0 59513672147.76664
6.0 49769501815.29803
7.0 39939298010.6537
8.0 30423733159.27887
9.0 26399153308.824203
10.0 21668280929.873127
11.0 17564797697.73365
12.0 15640150450.41906
13.0 13772961764.207552
14.0 10988585075.969112
15.0 9879786552.94706
16.0 9360883279.097971
17.0 8284292246.711165
18.0 7493411046.103405
19.0 6883952442.91218
20.0 6408228209.99329
21.0 5682516749.132871
22.0 5179226271.202168
23.0 4769780382.6073885
24.0 4596928452.075195
25.0 4217856456.36529
26.0 4061223450.3349705
27.0 3769364459.1081557
28.0 3386952435.322393
29.0 3236916367.5237064
30.0 3098732365.4841156
31.0 2889452127.9383326
32.0 2723463837.216048
33.0 2687685938.5872865
34.0 2489094909.03753
35.0 2291579413.4937854
36.0 2132852147.6514237
37.0 2035434589.6828918
38.0 1969616020.9236667
39.0 1949423038.7121177
40.0 1814332629.5051293
41.0 1742832024.6197917
42.0 1642321574.5752482
43.0 1671085133.3788867
44.0 1557206707.3226058
45.0 1431551904.1701138
46.0 1444518928.7581267
47.0 1335903572.4418724
48.0 1327079132.3813202
49.0 1243719053.89839
50.0 1214810591.9505644
51.0 1180865341.7471542
52.0 1135702791.7348433
53.0 1083330162.3818476
54.0 1046323136.385758
55.0 1013590129.125485
56.0 994704548.9574213
57.0 956526119.5656643
58.0 940519833.3713824
59.0 885370210.6244533
60.0 888378275.5519751
61.0 833206302.3997716
62.0 812579052.4350758
63.0 767199778.9804459
64.0 763669054.5365921
65.0 745984997.7187026
66.0 733461061.1930693
67.0 705849016.881269
68.0 683665808.1055673
69.0 650311764.6627662
70.0 648313846.6302569
71.0 631458269.6459448
72.0 607074317.7594914
73.0 601716100.913143
74.0 569358092.213893
75.0 554653949.1531982
76.0 543852883.1201082
77.0 534080655.4339279
78.0 530810361.83717734
79.0 499279104.1167498
80.0 500942039.7408534
81.0 484200020.7785311
82.0 483613380.1598385
83.0 455220547.3134182
84.0 447040651.1642754
85.0 437266007.9221084
86.0 428979642.69885224
87.0 417926697.98271227
88.0 405305344.6550405
89.0 399002738.5672416
90.0 392629501.0578005
91.0 378875175.4235264
92.0 377641559.65274185
93.0 368644318.38250434
94.0 364760739.3841243
95.0 351046063.72674525
96.0 336568819.59206825
97.0 333651841.2436997
98.0 324510642.87932265
99.0 308870362.3648513
100.0 310877636.9222108
101.0 300650336.6833418
102.0 299046061.966823
103.0 286877161.0478392
104.0 285008194.7964803
105.0 272663368.8405455
106.0 274149299.6792067
107.0 266729555.4359002
108.0 266333340.58076638
109.0 256378579.81889376
110.0 247473736.9677889
111.0 241361720.16235664
112.0 240415559.96808332
113.0 235543891.0371626
114.0 236353438.70620474
115.0 230649813.2590304
116.0 221190921.31939727
117.0 214675978.36763954
118.0 213830706.77125794
119.0 211743140.70037162
120.0 208832450.1572234
121.0 201333177.86846083
122.0 195673765.11155778
123.0 190249330.82808378
124.0 187674951.1583256
125.0 187214163.4377713
126.0 177332913.80350038
127.0 176282502.91315767
128.0 174548539.85320446
129.0 172546629.33240506
130.0 169920189.8688244
131.0 161978354.14494056
132.0 162293747.61004975
133.0 161758933.60161766
134.0 156830708.42220548
135.0 152833154.06146836
136.0 150940691.73866326
137.0 149719771.08887228
138.0 148046305.31227174
139.0 146597301.97833332
140.0 139483828.26139686
141.0 138832884.4765705
142.0 135812180.0245658
143.0 133974984.24067086
144.0 130408801.49674028
145.0 127491686.55588447
146.0 127478728.0760617
147.0 125355472.00340328
148.0 124311367.71499243
149.0 119710602.6121733
150.0 115252117.50829539
151.0 114691801.23714678
152.0 113511103.4034043
153.0 112609710.58860879
154.0 111476428.33849095
155.0 107929732.00808987
156.0 105152541.80541275
157.0 101833132.48564057
158.0 100497585.63767123
159.0 100985297.81155378
160.0 99708753.50635776
161.0 97393192.94192919
162.0 92728445.71694627
163.0 91957046.49624471
164.0 92541076.25627604
165.0 91729811.23512399
166.0 89526269.67657088
167.0 87540333.79295054
168.0 88329920.41033787
169.0 85019728.92866871
170.0 82539455.81161307
171.0 82872388.808941
172.0 80331248.6047082
173.0 79345136.97912751
174.0 78547061.6188129
175.0 80784194.0271552
176.0 75594099.17374608
177.0 73472113.72654028
178.0 70411337.22666535
179.0 71371979.72743624
180.0 72680288.90708119
181.0 70858013.23106633
182.0 67116487.658425
183.0 69187693.24976832
184.0 67263492.78242618
185.0 66157406.68965584
186.0 65462123.60387499
187.0 65128928.40716903
188.0 63410850.6630966
189.0 63531403.39173185
190.0 62415321.17427869
191.0 60498295.60697109
192.0 57672100.90684442
193.0 59347272.94054869
194.0 58517554.46469443
195.0 57753328.727308564
196.0 56566358.20188847
197.0 55252086.14549788
198.0 55048586.80680117
199.0 53072809.787380666
200.0 53139091.89016578
201.0 50922189.82443352
202.0 51629546.36000548
203.0 52187625.59569843
204.0 50665231.85643344
205.0 49268453.80872453
206.0 48337328.071950905
207.0 48096527.841877125
208.0 47735103.12532196
209.0 46160251.774461746
210.0 46595561.02113423
211.0 44591836.055845305
212.0 45665661.59642174
213.0 45062910.20381238
214.0 42820983.05684699
215.0 44639027.28784876
216.0 43025220.405230716
217.0 41828269.13340327
218.0 41255764.955202304
219.0 40774270.1228398
220.0 41773509.456499696
221.0 39795897.6758554
222.0 39386404.441256836
223.0 38573744.507724546
224.0 39846816.06245829
225.0 39142720.63710177
226.0 37299030.02038042
227.0 37655919.59694661
228.0 38384059.024655074
229.0 37928830.80770013
230.0 37181287.381279394
231.0 36810308.66541533
232.0 36747331.56528382
233.0 36543147.883358665
234.0 35124654.10022545
235.0 35146938.53251314
236.0 34527674.70937052
237.0 35028224.3425623
238.0 35056748.67211785
239.0 33900881.563553736
240.0 33148514.976118114
241.0 32942722.134338763
242.0 33674378.370565005
243.0 32653498.631464258
244.0 32077572.857009895
245.0 32555730.918136835
246.0 32900390.122133177
247.0 33796517.3484067
248.0 32870316.13689264
249.0 31721367.69554108
250.0 32292197.572345354
251.0 32260951.608275663
252.0 32070820.027703103
253.0 30842007.64863055
254.0 31711761.934855834
255.0 31052105.431674905
