0.0 2081855840597.4202
1.0 758562601203.1847
2.0 277867712267.1875
3.0 155862020834.12207
4.0 93670045116.61249
5.0 62968498232.43172
6.0 54110168979.9619
7.0 42660234192.96224
8.0 33088205405.97828
9.0 29946366278.223053
10.0 23696371451.609875
11.0 19820599776.97559
12.0 17005558801.922693
13.0 15659472364.416372
14.0 12431254264.816471
15.0 10941291375.944632
16.0 10235259671.06941
17.0 9215177548.901794
18.0 8194493972.7351265
19.0 7635466727.630893
20.0 6854298220.575881
21.0 6576627440.998414
22.0 5887007102.589335
23.0 5254964801.254922
24.0 5008672512.988358
25.0 4595164650.2937765
26.0 4347594522.279353
27.0 4111885165.613428
28.0 3702939345.0975966
29.0 3621957299.1578026
30.0 3370808248.713877
31.0 3102287229.721512
32.0 3006152165.26192
33.0 2846611789.334808
34.0 2674284302.1425323
35.0 2419653005.224865
36.0 2405583127.218913
37.0 2326601142.6266365
38.0 2169943336.133988
39.0 2134177227.7553132
40.0 1980140427.9261281
41.0 1841938676.756805
42.0 1779692957.1410758
43.0 1763769504.6396413
44.0 1659443315.6280696
45.0 1569611365.5721173
46.0 1571438093.9619918
47.0 1501629539.9734914
48.0 1400443048.4968607
49.0 1343544414.7429616
50.0 1342629806.068144
51.0 1256840210.538201
52.0 1231347579.0338821
53.0 1171798131.0583563
54.0 1151914337.2944405
55.0 1104926579.3318274
56.0 1069528228.2203298
57.0 1019000579.368673
58.0 976267485.7830751
59.0 949116477.6476468
60.0 915857524.016859
61.0 889187816.3171648
62.0 879005582.0755141
63.0 866842821.1535662
64.0 814846305.5432436
65.0 784281036.6634963
66.0 774664736.7913455
67.0 747479220.3397933
68.0 711358289.125574
69.0 681841657.0422726
70.0 680168141.8174367
71.0 666891602.5697545
72.0 671430612.823523
73.0 636878501.3895131
74.0 612123063.121149
75.0 593370189.5892546
76.0 577770208.053167
77.0 571095931.1163247
78.0 555638639.2330707
79.0 532199287.1729725
80.0 536383579.28535116
81.0 520651580.6206832
82.0 495765638.3030869
83.0 494489741.28658473
84.0 471027663.5932232
85.0 471690315.77186245
86.0 461528298.8681028
87.0 443167896.2294793
88.0 435719403.2565344
89.0 434693680.51955855
90.0 417467425.76239157
91.0 397907210.2661857
92.0 396523521.2808314
93.0 393546803.2977901
94.0 379170567.42305744
95.0 375055643.4029248
96.0 367199886.19341683
97.0 366082288.3850138
98.0 346738893.80618036
99.0 345595841.1917888
100.0 331230578.1472482
101.0 326425830.90927434
102.0 316123130.0844073
103.0 318383020.68392915
104.0 302359079.94659567
105.0 297048966.1844392
106.0 292689050.6989009
107.0 289791523.46514976
108.0 278567695.94671935
109.0 272515272.9846122
110.0 266540492.7025513
111.0 264640293.9406046
112.0 260002019.36105928
113.0 248249298.37707382
114.0 245697907.71971032
115.0 241723312.28537956
116.0 236092111.5319956
117.0 235388888.0289935
118.0 234716094.75745836
119.0 230564098.84058285
120.0 223277040.9338985
121.0 219115130.92011923
122.0 212295479.33124658
123.0 205280640.05473584
124.0 207359834.88410118
125.0 202705537.89350078
126.0 202508068.2934041
127.0 198601092.66586375
128.0 192222119.77122915
129.0 193309013.67742625
130.0 186563764.03846306
131.0 181899924.64850664
132.0 176628152.53798985
133.0 173372444.06917694
134.0 175649428.16555193
135.0 164213718.14272377
136.0 164534786.79100412
137.0 159369820.90308443
138.0 156395559.00824893
139.0 154436725.66494867
140.0 154334935.6527146
141.0 149829060.11760932
142.0 151592643.10544327
143.0 149473957.42818397
144.0 143825982.82814175
145.0 140644554.40401486
146.0 136240181.42566386
147.0 135577103.29357448
148.0 134766166.40249935
149.0 130439482.65624234
150.0 127468631.15561442
151.0 124885009.65302837
152.0 122878230.14127025
153.0 123910855.60058537
154.0 121121929.38764812
155.0 118202466.5036802
156.0 118678648.13302897
157.0 116125249.2109998
158.0 113179370.85786217
159.0 112874081.75026332
160.0 109523416.45884332
161.0 105994830.91671665
162.0 107014540.42104587
163.0 106679900.37314148
164.0 101556168.49985787
165.0 104915319.72944073
166.0 101054946.72453064
167.0 99326128.35020304
168.0 97381077.06550954
169.0 97187371.5645845
170.0 93598095.81653042
171.0 91887310.63718997
172.0 90955066.9572745
173.0 90665640.59419136
174.0 88394990.25559925
175.0 86502803.00162488
176.0 88423747.95911394
177.0 85540558.39493924
178.0 83048947.6789278
179.0 85119345.40408783
180.0 81920626.54479775
181.0 78876929.8744715
182.0 78016535.57410672
183.0 76888200.27509427
184.0 78036016.88684767
185.0 76089486.43334231
186.0 74131898.21812706
187.0 73988351.0879889
188.0 74983004.49847123
189.0 73371223.5937624
190.0 70770185.59482661
191.0 72755164.90407145
192.0 69874673.61737202
193.0 67545457.70371923
194.0 69054477.68649404
195.0 65778991.319782026
196.0 66118968.55581691
197.0 66757384.80410232
198.0 65966325.26863633
199.0 63281638.91576912
200.0 62174621.48327668
201.0 62333737.28514371
202.0 61058708.40498558
203.0 61970681.38409142
204.0 60826502.9696391
205.0 58351124.728223085
206.0 59461601.83925867
207.0 58672214.1770534
208.0 57634299.64718316
209.0 55205813.67632484
210.0 54426682.16051113
211.0 54805174.34619967
212.0 54878983.73939525
213.0 54313719.41579878
214.0 54405227.980208896
215.0 52104352.05500095
216.0 52135976.93080878
217.0 52370405.91366324
218.0 52820023.262267515
219.0 51658040.00876288
220.0 50448728.67343577
221.0 50075179.20054624
222.0 48631868.404320456
223.0 47868557.70556531
224.0 48026920.05859278
225.0 49326839.941276796
226.0 46987637.15806332
227.0 47119841.01086474
228.0 46688580.73504619
229.0 46428633.23605025
230.0 45370613.172505565
231.0 45733528.588159144
232.0 45251551.361457035
233.0 45921257.6266127
234.0 44348706.05944358
235.0 43837785.0712985
236.0 43780102.03293429
237.0 43774805.66083519
238.0 43777653.07955871
239.0 44045075.595313735
240.0 42820260.91072171
241.0 41876786.56670202
242.0 41544434.7951681
243.0 41220153.45541176
244.0 42156332.989510864
245.0 41938497.78322642
246.0 41519608.72520025
247.0 40651119.23630039
248.0 40297012.51776282
249.0 42116652.758242376
250.0 41112949.570502736
251.0 41075461.30658765
252.0 41112208.108471416
253.0 41109742.778756104
254.0 39777621.170095
255.0 39481042.68537172
