0.0 0.0 0.0
1.0 0.354908571288 0.35660705154
2.0 0.351079344259 0.354908073636
3.0 0.434656888129 0.899906695977
4.0 0.484629349941 0.901963386714
5.0 0.648814167822 1.18864757865
6.0 0.678380780512 1.19983026921
7.0 0.755049080044 1.31040103238
8.0 0.760557454999 1.34368271883
9.0 0.871894743922 1.41075253614
10.0 0.885729742171 1.42491763542
11.0 0.911299806724 1.40344128103
12.0 0.920283254797 1.38035698456
13.0 0.966792656226 1.31276493347
14.0 0.987710832393 1.30197728144
15.0 1.01752452466 1.24252767994
16.0 1.0035872305 1.19362713947
17.0 1.03543511865 1.08467813372
18.0 1.02066932179 1.06356341533
19.0 1.0324470849 1.0144412707
20.0 1.06209730754 0.997775292783
21.0 1.06663875826 0.933996179735
22.0 1.05923870254 0.940781584957
23.0 1.04972534733 0.931466826292
24.0 1.06284883692 0.916932181857
25.0 1.0544546286 0.914002381751
26.0 1.05724387569 0.938755376398
27.0 1.0702507152 0.953394486575
28.0 1.04973731885 0.912891536292
29.0 1.09549223658 0.982233691002
30.0 1.05906150934 0.983405036188
31.0 1.07030818782 1.0139842894
32.0 nan nan
33.0 nan nan
34.0 nan nan
35.0 nan nan
36.0 nan nan
37.0 nan nan
38.0 nan nan
39.0 nan nan
40.0 nan nan
41.0 nan nan
42.0 nan nan
43.0 nan nan
44.0 nan nan
45.0 nan nan
46.0 nan nan
47.0 nan nan
48.0 nan nan
49.0 nan nan
50.0 nan nan
51.0 nan nan
52.0 nan nan
53.0 nan nan
54.0 nan nan
55.0 nan nan
56.0 nan nan
57.0 nan nan
58.0 nan nan
59.0 nan nan
60.0 nan nan
61.0 nan nan
62.0 nan nan
63.0 nan nan
