0.0 0.0 0.0
1.0 0.013121554288983381 0.22557520013833082
2.0 0.04959095408415585 0.44201100673917454
3.0 0.09824641407352443 0.6213015970841022
4.0 0.15192473986832505 0.7449884829820256
5.0 0.20695028617018107 0.9276391568683237
6.0 0.26554501219521615 1.1150089805795518
7.0 0.3258926842269505 1.2282451989521816
8.0 0.3876620143894017 1.3838073941972062
9.0 0.4311848795889932 1.5289771713335814
10.0 0.49608329023389225 1.6629315450894793
11.0 0.5505080673244469 1.7738255503260647
12.0 0.6072344578606387 1.9613503154810183
13.0 0.6509656619853794 2.046420963699447
14.0 0.7121072458808196 2.2223666958999657
15.0 0.7634436710006538 2.2758100868861506
16.0 0.8239545290519878 2.4222652791319814
17.0 0.8627174867707068 2.5274819876772794
18.0 0.9054393484848755 2.662921851972335
19.0 0.969830509415869 2.6923002051967684
20.0 1.01726490050436 2.8804251152571343
21.0 1.0765465388313493 2.8820798345039558
22.0 1.110882690513918 3.057900583556241
23.0 1.1496718268115163 3.094406036430456
24.0 1.2092176401497043 3.1356369646289166
25.0 1.2540908044697872 3.2004033506550553
26.0 1.2922284495149656 3.308140952568343
27.0 1.3343292080135822 3.4065599515915994
28.0 1.375022436012872 3.5422546402346984
29.0 1.398860150093311 3.524877019796902
30.0 1.4429645328644745 3.6416774863972727
31.0 1.4602684377019102 3.7401781531284812
32.0 1.4708495432258177 3.8395212567070613
33.0 1.5336209413260706 3.8446475712785753
34.0 1.5394170170722261 3.9187620580817413
35.0 1.611105867008982 3.844476799263813
36.0 1.6422115263978292 4.047533773697675
37.0 1.6836082628937168 4.069954399302491
38.0 1.7479453923090496 4.099458121132866
39.0 1.7354677588950282 4.242918406318288
40.0 1.720207190721382 4.287250799868706
41.0 1.824841611765678 4.350236427595842
42.0 1.8349136584935624 4.3625378597017015
43.0 1.8600302785770246 4.488079589293826
44.0 1.8360015967142171 4.547871577395937
45.0 1.9029859672972598 4.628256106595217
46.0 1.9423927635054696 4.661703873799287
47.0 1.9474446740280194 4.603097859931152
48.0 2.006143637974128 4.732673171018474
49.0 2.014941153416439 4.860575426701361
50.0 2.0357695755181644 4.925009603208758
51.0 2.0198241312772205 4.958089908803748
52.0 2.0749644060567194 5.001250541014422
53.0 2.0569237834509275 5.14064939362711
54.0 2.125891781191373 5.179014114766584
55.0 2.0642127793135656 5.189801662161401
56.0 2.1003104423093695 5.417248493375363
57.0 2.1576710093288454 5.438980520174525
58.0 2.163863431005392 5.508175631444091
59.0 2.2038233923421524 5.587982210266646
60.0 2.1653035443483977 5.714095486045952
61.0 2.2096116762293443 5.769508504857439
62.0 2.2272158840603145 5.884220018622388
63.0 2.2225927187310734 5.923681163393579
64.0 nan nan
65.0 nan nan
66.0 nan nan
67.0 nan nan
68.0 nan nan
69.0 nan nan
70.0 nan nan
71.0 nan nan
72.0 nan nan
73.0 nan nan
74.0 nan nan
75.0 nan nan
76.0 nan nan
77.0 nan nan
78.0 nan nan
79.0 nan nan
80.0 nan nan
81.0 nan nan
82.0 nan nan
83.0 nan nan
84.0 nan nan
85.0 nan nan
86.0 nan nan
87.0 nan nan
88.0 nan nan
89.0 nan nan
90.0 nan nan
91.0 nan nan
92.0 nan nan
93.0 nan nan
94.0 nan nan
95.0 nan nan
96.0 nan nan
97.0 nan nan
98.0 nan nan
99.0 nan nan
100.0 nan nan
101.0 nan nan
102.0 nan nan
103.0 nan nan
104.0 nan nan
105.0 nan nan
106.0 nan nan
107.0 nan nan
108.0 nan nan
109.0 nan nan
110.0 nan nan
111.0 nan nan
112.0 nan nan
113.0 nan nan
114.0 nan nan
115.0 nan nan
116.0 nan nan
117.0 nan nan
118.0 nan nan
119.0 nan nan
120.0 nan nan
121.0 nan nan
122.0 nan nan
123.0 nan nan
124.0 nan nan
125.0 nan nan
126.0 nan nan
127.0 nan nan
