0.0 0.0 0.0
1.0 0.013121554289 0.225575200138
2.0 0.0495909540842 0.442011006739
3.0 0.0982464140735 0.621301597084
4.0 0.151924739868 0.744988482982
5.0 0.20695028617 0.927639156868
6.0 0.265545012195 1.11500898058
7.0 0.325892684227 1.22824519895
8.0 0.387662014389 1.3838073942
9.0 0.431184879589 1.52897717133
10.0 0.496083290234 1.66293154509
11.0 0.550508067324 1.77382555033
12.0 0.607234457861 1.96135031548
13.0 0.650965661985 2.0464209637
14.0 0.712107245881 2.2223666959
15.0 0.763443671001 2.27581008689
16.0 0.823954529052 2.42226527913
17.0 0.862717486771 2.52748198768
18.0 0.905439348485 2.66292185197
19.0 0.969830509416 2.6923002052
20.0 1.0172649005 2.88042511526
21.0 1.07654653883 2.8820798345
22.0 1.11088269051 3.05790058356
23.0 1.14967182681 3.09440603643
24.0 1.20921764015 3.13563696463
25.0 1.25409080447 3.20040335066
26.0 1.29222844951 3.30814095257
27.0 1.33432920801 3.40655995159
28.0 1.37502243601 3.54225464023
29.0 1.39886015009 3.5248770198
30.0 1.44296453286 3.6416774864
31.0 1.4602684377 3.74017815313
32.0 1.47084954323 3.83952125671
33.0 1.53362094133 3.84464757128
34.0 1.53941701707 3.91876205808
35.0 1.61110586701 3.84447679926
36.0 1.6422115264 4.0475337737
37.0 1.68360826289 4.0699543993
38.0 1.74794539231 4.09945812113
39.0 1.7354677589 4.24291840632
40.0 1.72020719072 4.28725079987
41.0 1.82484161177 4.3502364276
42.0 1.83491365849 4.3625378597
43.0 1.86003027858 4.48807958929
44.0 1.83600159671 4.5478715774
45.0 1.9029859673 4.6282561066
46.0 1.94239276351 4.6617038738
47.0 1.94744467403 4.60309785993
48.0 2.00614363797 4.73267317102
49.0 2.01494115342 4.8605754267
50.0 2.03576957552 4.92500960321
51.0 2.01982413128 4.9580899088
52.0 2.07496440606 5.00125054101
53.0 2.05692378345 5.14064939363
54.0 2.12589178119 5.17901411477
55.0 2.06421277931 5.18980166216
56.0 2.10031044231 5.41724849338
57.0 2.15767100933 5.43898052017
58.0 2.16386343101 5.50817563144
59.0 2.20382339234 5.58798221027
60.0 2.16530354435 5.71409548605
61.0 2.20961167623 5.76950850486
62.0 2.22721588406 5.88422001862
63.0 2.22259271873 5.92368116339
64.0 nan nan
65.0 nan nan
66.0 nan nan
67.0 nan nan
68.0 nan nan
69.0 nan nan
70.0 nan nan
71.0 nan nan
72.0 nan nan
73.0 nan nan
74.0 nan nan
75.0 nan nan
76.0 nan nan
77.0 nan nan
78.0 nan nan
79.0 nan nan
80.0 nan nan
81.0 nan nan
82.0 nan nan
83.0 nan nan
84.0 nan nan
85.0 nan nan
86.0 nan nan
87.0 nan nan
88.0 nan nan
89.0 nan nan
90.0 nan nan
91.0 nan nan
92.0 nan nan
93.0 nan nan
94.0 nan nan
95.0 nan nan
96.0 nan nan
97.0 nan nan
98.0 nan nan
99.0 nan nan
100.0 nan nan
101.0 nan nan
102.0 nan nan
103.0 nan nan
104.0 nan nan
105.0 nan nan
106.0 nan nan
107.0 nan nan
108.0 nan nan
109.0 nan nan
110.0 nan nan
111.0 nan nan
112.0 nan nan
113.0 nan nan
114.0 nan nan
115.0 nan nan
116.0 nan nan
117.0 nan nan
118.0 nan nan
119.0 nan nan
120.0 nan nan
121.0 nan nan
122.0 nan nan
123.0 nan nan
124.0 nan nan
125.0 nan nan
126.0 nan nan
127.0 nan nan
