0.0 0.0 0.0
1.0 2.19329471373 2.19096973626
2.0 2.22816602217 2.18396362201
3.0 4.15847955094 4.04344338535
4.0 4.91557710546 4.8830669121
5.0 6.41648288315 5.99986312273
6.0 7.05121623755 7.15754975556
7.0 8.65500619728 8.15098738362
8.0 9.12359942117 9.13940889944
9.0 10.2903781899 10.5949585125
10.0 10.9957409658 10.9836604059
11.0 12.3409916934 12.1780072394
12.0 13.0982996331 13.2365566745
13.0 14.5637710944 14.2378112518
14.0 15.215171507 15.1347128849
15.0 16.63601761 16.1545684208
16.0 17.0161577733 16.4130170215
17.0 18.6850417109 18.3450775871
18.0 19.3207872201 18.7489069112
19.0 19.8366365569 19.1935108304
20.0 20.6540767655 20.4373118248
21.0 21.795204853 21.4392232414
22.0 23.1959000448 22.3127053031
23.0 23.2586943708 22.6641508687
24.0 24.8762144543 23.7836895774
25.0 25.3137475681 24.6226416151
26.0 26.6146397827 24.7479729314
27.0 27.7297246482 26.3582672638
28.0 28.1224990237 27.1793745986
29.0 27.8741072858 27.4140546789
30.0 29.8939402151 29.4208561298
31.0 30.4979543569 29.407324914
32.0 30.4158652066 30.322397564
33.0 31.9529047187 30.7183910254
34.0 32.5217105219 31.7762445943
35.0 32.8681743931 32.4884587305
36.0 34.1971758957 32.8105282386
37.0 34.5985578346 33.8377733484
38.0 35.7503137179 34.1952459251
39.0 36.4837263374 35.8765817816
40.0 36.9132242143 34.851190932
41.0 37.4125010167 36.4199784945
42.0 39.6109633709 37.3754552524
43.0 39.2456654735 38.6712220596
44.0 40.5623638209 38.1888165474
45.0 41.3059833721 40.3503615473
46.0 42.518120833 40.0982037715
47.0 42.9996804216 39.6203662259
48.0 42.7414944838 41.2024530427
49.0 43.6660310311 42.0839122197
50.0 45.0376615201 43.1820998063
51.0 46.25183006 44.0647100425
52.0 46.7058192659 43.4537696056
53.0 46.08008579 42.4383419015
54.0 46.770899288 45.321961961
55.0 49.9343377966 44.3875745318
56.0 49.528378228 45.9866312397
57.0 51.1247475404 47.1584948475
58.0 51.6521208403 48.0615925981
59.0 51.5041594807 48.792655546
60.0 53.2955624654 49.8499582892
61.0 53.8837995828 49.8034695386
62.0 52.3330353276 48.9824744773
63.0 54.2578795214 51.3694522324
64.0 55.1582529702 49.8613304356
65.0 54.7334946068 52.067235139
66.0 55.7664675617 53.3939799707
67.0 57.2745046266 51.5251582265
68.0 58.0185005091 52.9691887191
69.0 59.8159324309 54.0470169814
70.0 58.7100505914 55.1979018174
71.0 59.8680711811 56.6536382058
72.0 61.7359074115 55.1287008043
73.0 61.8165225181 57.2771067716
74.0 61.7948438127 56.0851837992
75.0 62.5551318788 56.9794784287
76.0 62.0406398288 57.4033586282
77.0 65.7230667665 59.2856536789
78.0 63.6289778326 58.5805127009
79.0 67.2551426859 59.0964636173
80.0 65.0767983792 61.2465070207
81.0 67.5116489564 59.9900821975
82.0 66.6512807326 62.4114708661
83.0 69.5487865766 62.4036533612
84.0 68.7174952753 62.7288974105
85.0 68.7170631583 63.9234018436
86.0 68.4157391536 64.127460989
87.0 70.8498840739 63.1771319952
88.0 69.3449289186 61.9267289124
89.0 71.1041975696 64.642121131
90.0 71.5428248492 64.5617233855
91.0 71.4763419295 65.1736523226
92.0 74.8645420808 64.4190840082
93.0 72.6580510336 67.7841785449
94.0 75.2130853623 67.0699741059
95.0 74.5858976748 66.7839772961
96.0 74.2327102622 67.1906992293
97.0 77.8471388968 67.3159929703
98.0 79.0605429179 68.2709008562
99.0 78.6387390097 69.8947231874
100.0 78.6118249429 69.0347124103
101.0 78.5392957477 70.0256427334
102.0 78.2917397493 69.6350828864
103.0 81.2020124996 71.1149586924
104.0 80.2426120577 70.5585987805
105.0 79.6671255753 72.1347349626
106.0 81.9046212485 71.6118856966
107.0 83.7722779189 72.8872866052
108.0 83.1055614131 72.7941648227
109.0 84.9719017735 71.7322356256
110.0 84.3978106867 72.6764231698
111.0 84.5203414743 73.9964284531
112.0 85.5850424867 74.7535383345
113.0 86.523356584 72.6289885039
114.0 87.9700230941 73.5505375798
115.0 86.0398942958 75.4292012328
116.0 89.717039156 74.5021178167
117.0 87.9147467659 76.9406649483
118.0 88.010479623 74.7055472523
119.0 90.3744457498 76.8304798987
120.0 89.7974951365 75.5604597371
121.0 88.3582100156 76.0409796845
122.0 90.9014661261 79.3828164726
123.0 93.0230071743 77.0056350433
124.0 92.4801707806 78.3250328631
125.0 93.4444952302 77.7829385757
126.0 92.2411359348 77.7586953842
127.0 93.0951861612 78.2550690872
128.0 nan nan
129.0 nan nan
130.0 nan nan
131.0 nan nan
132.0 nan nan
133.0 nan nan
134.0 nan nan
135.0 nan nan
136.0 nan nan
137.0 nan nan
138.0 nan nan
139.0 nan nan
140.0 nan nan
141.0 nan nan
142.0 nan nan
143.0 nan nan
144.0 nan nan
145.0 nan nan
146.0 nan nan
147.0 nan nan
148.0 nan nan
149.0 nan nan
150.0 nan nan
151.0 nan nan
152.0 nan nan
153.0 nan nan
154.0 nan nan
155.0 nan nan
156.0 nan nan
157.0 nan nan
158.0 nan nan
159.0 nan nan
160.0 nan nan
161.0 nan nan
162.0 nan nan
163.0 nan nan
164.0 nan nan
165.0 nan nan
166.0 nan nan
167.0 nan nan
168.0 nan nan
169.0 nan nan
170.0 nan nan
171.0 nan nan
172.0 nan nan
173.0 nan nan
174.0 nan nan
175.0 nan nan
176.0 nan nan
177.0 nan nan
178.0 nan nan
179.0 nan nan
180.0 nan nan
181.0 nan nan
182.0 nan nan
183.0 nan nan
184.0 nan nan
185.0 nan nan
186.0 nan nan
187.0 nan nan
188.0 nan nan
189.0 nan nan
190.0 nan nan
191.0 nan nan
192.0 nan nan
193.0 nan nan
194.0 nan nan
195.0 nan nan
196.0 nan nan
197.0 nan nan
198.0 nan nan
199.0 nan nan
200.0 nan nan
201.0 nan nan
202.0 nan nan
203.0 nan nan
204.0 nan nan
205.0 nan nan
206.0 nan nan
207.0 nan nan
208.0 nan nan
209.0 nan nan
210.0 nan nan
211.0 nan nan
212.0 nan nan
213.0 nan nan
214.0 nan nan
215.0 nan nan
216.0 nan nan
217.0 nan nan
218.0 nan nan
219.0 nan nan
220.0 nan nan
221.0 nan nan
222.0 nan nan
223.0 nan nan
224.0 nan nan
225.0 nan nan
226.0 nan nan
227.0 nan nan
228.0 nan nan
229.0 nan nan
230.0 nan nan
231.0 nan nan
232.0 nan nan
233.0 nan nan
234.0 nan nan
235.0 nan nan
236.0 nan nan
237.0 nan nan
238.0 nan nan
239.0 nan nan
240.0 nan nan
241.0 nan nan
242.0 nan nan
243.0 nan nan
244.0 nan nan
245.0 nan nan
246.0 nan nan
247.0 nan nan
248.0 nan nan
249.0 nan nan
250.0 nan nan
251.0 nan nan
252.0 nan nan
253.0 nan nan
254.0 nan nan
255.0 nan nan
