0.0 0.0 0.0
1.0 1.60012749465 2.10481775569
2.0 1.54901152487 2.13164458294
3.0 3.31756737529 4.54424504784
4.0 3.69029388474 5.43691747262
5.0 5.09059648934 7.32779338949
6.0 5.83429901285 8.25064936137
7.0 6.76531528979 9.56110108594
8.0 7.9523232766 10.4887135438
9.0 8.76530144288 11.9484265243
10.0 9.52465491981 13.240605434
11.0 10.640126026 14.2325819985
12.0 11.5462288712 14.9055128101
13.0 12.2966457395 16.1060496862
14.0 12.8422643734 16.5189200715
15.0 14.4224096134 18.4487836229
16.0 15.247525194 18.745927393
17.0 16.0353812833 21.3136563579
18.0 16.8908163317 21.7776911567
19.0 17.413069377 22.4790241517
20.0 18.4800897426 22.8566816009
21.0 18.8463835017 23.6659633408
22.0 19.8817173793 24.5426502263
23.0 20.8561782572 26.1024745332
24.0 21.3296190468 27.4306384655
25.0 21.9843757257 28.0035903603
26.0 23.0412533454 28.138672326
27.0 24.0064815451 29.4277556435
28.0 24.7221751993 30.721396511
29.0 25.2494193133 31.8628930608
30.0 26.1292448517 31.9666564568
31.0 26.708249793 33.1122889739
32.0 27.2900570287 33.6301044055
33.0 29.0740743544 35.3458611366
34.0 29.1602992544 35.9273017249
35.0 29.7090461516 36.8288572344
36.0 30.8784433689 37.5098778805
37.0 31.4430423811 36.5622888781
38.0 32.7339283293 38.5613232348
39.0 34.3285183132 39.7749949977
40.0 33.8164531543 38.6915123357
41.0 34.3829227578 40.7674997704
42.0 35.3155438086 41.3929308986
43.0 36.3050209969 43.0575175394
44.0 37.2976304516 42.751796323
45.0 37.1131528987 43.9187234672
46.0 38.856063018 43.8172078632
47.0 38.3578307401 44.9712803351
48.0 39.775022674 45.422287108
49.0 39.9718002891 46.0387914666
50.0 41.1851976553 47.1598396236
51.0 41.506563621 48.5629596053
52.0 43.6984261856 48.2638764069
53.0 44.1678008724 47.7559211975
54.0 43.4579079714 49.7555088606
55.0 46.0822741274 50.2587184415
56.0 44.6272918755 49.3363169643
57.0 46.5441626251 51.679035246
58.0 48.0769650984 51.9138119482
59.0 49.0031082282 53.1690777503
60.0 51.0093838914 54.5206384021
61.0 48.7655119148 53.6869454733
62.0 50.0652821813 53.2506403105
63.0 50.5511883992 54.5003004895
64.0 52.4404183072 55.2790261985
65.0 53.3373508595 56.1462151667
66.0 53.4638641686 56.7577272968
67.0 53.1035657961 56.1557779601
68.0 54.4328609155 57.1965025464
69.0 56.0542615876 59.0876351922
70.0 56.3658959404 56.7766271693
71.0 56.0251882903 59.074544351
72.0 58.4377823132 58.8457068607
73.0 59.5195006638 61.2613726448
74.0 59.4353794796 60.3292692707
75.0 58.1882213555 58.8442086691
76.0 60.2118056202 60.2880002349
77.0 61.1015206162 63.1794184615
78.0 61.0729097784 63.9004376084
79.0 63.7725849345 63.190242467
80.0 63.0065949379 63.3055713148
81.0 63.6114397751 63.2580342463
82.0 64.2834186147 65.8517281246
83.0 65.3680281217 64.6518716616
84.0 65.5829238985 64.7255828111
85.0 66.3971751306 64.7385497407
86.0 64.7354129108 66.4226562251
87.0 66.6737519109 68.4477843196
88.0 66.2889646221 63.7481601219
89.0 67.1400087904 68.8468002018
90.0 68.7410267501 68.1903911687
91.0 67.7759096969 67.9512263881
92.0 71.0445987174 68.4204095401
93.0 71.4206954604 70.2722494443
94.0 70.2377255825 69.5950915663
95.0 70.0994730035 67.7822399819
96.0 71.3301747609 71.0517869158
97.0 71.8438475171 70.5498567621
98.0 76.1564639719 70.1527460137
99.0 75.4550861921 72.5989770278
100.0 73.6983235846 70.7133041033
101.0 75.5122730392 70.4082180863
102.0 75.1088442851 72.5035623266
103.0 77.0457463925 73.8541536062
104.0 77.8311651689 72.4020676634
105.0 77.5015455915 74.7485630928
106.0 78.3293463899 73.6751145467
107.0 79.5855290571 74.8008860902
108.0 80.8859995369 74.4247535976
109.0 81.4600244187 73.1337170711
110.0 80.7698321194 77.3839776842
111.0 80.7414063104 75.6063440838
112.0 80.3290359272 75.1982459882
113.0 82.8381571975 74.660553868
114.0 81.89851583 74.8781059079
115.0 82.7194436225 75.8132470264
116.0 83.8366476844 76.2099383546
117.0 85.2302174815 77.8651436375
118.0 84.7549547016 75.8605142809
119.0 86.3664492742 77.09106614
120.0 87.4159943776 76.7456557497
121.0 87.3168107717 77.0603091855
122.0 86.6062763175 80.1663148125
123.0 87.6810586101 77.8506222202
124.0 87.1672405341 79.0142603422
125.0 89.824812832 79.1004098433
126.0 90.6659897588 78.7970155013
127.0 90.5150802082 79.2342114476
128.0 nan nan
129.0 nan nan
130.0 nan nan
131.0 nan nan
132.0 nan nan
133.0 nan nan
134.0 nan nan
135.0 nan nan
136.0 nan nan
137.0 nan nan
138.0 nan nan
139.0 nan nan
140.0 nan nan
141.0 nan nan
142.0 nan nan
143.0 nan nan
144.0 nan nan
145.0 nan nan
146.0 nan nan
147.0 nan nan
148.0 nan nan
149.0 nan nan
150.0 nan nan
151.0 nan nan
152.0 nan nan
153.0 nan nan
154.0 nan nan
155.0 nan nan
156.0 nan nan
157.0 nan nan
158.0 nan nan
159.0 nan nan
160.0 nan nan
161.0 nan nan
162.0 nan nan
163.0 nan nan
164.0 nan nan
165.0 nan nan
166.0 nan nan
167.0 nan nan
168.0 nan nan
169.0 nan nan
170.0 nan nan
171.0 nan nan
172.0 nan nan
173.0 nan nan
174.0 nan nan
175.0 nan nan
176.0 nan nan
177.0 nan nan
178.0 nan nan
179.0 nan nan
180.0 nan nan
181.0 nan nan
182.0 nan nan
183.0 nan nan
184.0 nan nan
185.0 nan nan
186.0 nan nan
187.0 nan nan
188.0 nan nan
189.0 nan nan
190.0 nan nan
191.0 nan nan
192.0 nan nan
193.0 nan nan
194.0 nan nan
195.0 nan nan
196.0 nan nan
197.0 nan nan
198.0 nan nan
199.0 nan nan
200.0 nan nan
201.0 nan nan
202.0 nan nan
203.0 nan nan
204.0 nan nan
205.0 nan nan
206.0 nan nan
207.0 nan nan
208.0 nan nan
209.0 nan nan
210.0 nan nan
211.0 nan nan
212.0 nan nan
213.0 nan nan
214.0 nan nan
215.0 nan nan
216.0 nan nan
217.0 nan nan
218.0 nan nan
219.0 nan nan
220.0 nan nan
221.0 nan nan
222.0 nan nan
223.0 nan nan
224.0 nan nan
225.0 nan nan
226.0 nan nan
227.0 nan nan
228.0 nan nan
229.0 nan nan
230.0 nan nan
231.0 nan nan
232.0 nan nan
233.0 nan nan
234.0 nan nan
235.0 nan nan
236.0 nan nan
237.0 nan nan
238.0 nan nan
239.0 nan nan
240.0 nan nan
241.0 nan nan
242.0 nan nan
243.0 nan nan
244.0 nan nan
245.0 nan nan
246.0 nan nan
247.0 nan nan
248.0 nan nan
249.0 nan nan
250.0 nan nan
251.0 nan nan
252.0 nan nan
253.0 nan nan
254.0 nan nan
255.0 nan nan
