0.0 0.0 0.0
1.0 2.17833169813 2.17674905121
2.0 2.24295247128 2.18204209475
3.0 4.12105512173 4.05602084242
4.0 4.91643539576 4.9295033838
5.0 6.28389516856 6.04461493562
6.0 7.00781852136 7.18522267754
7.0 8.43039509748 8.19924111603
8.0 8.98498549275 9.18797412483
9.0 10.1493843702 10.5600975767
10.0 10.8969013322 11.0951032711
11.0 12.2610494076 12.3412096859
12.0 12.8316602728 13.3612815695
13.0 14.2985111446 14.400718411
14.0 14.9182203573 15.1206788684
15.0 16.2526508173 16.3217038593
16.0 16.4999227207 16.866070791
17.0 18.313936308 18.3207597678
18.0 18.8639135397 18.7525159345
19.0 19.3811805869 19.4975176542
20.0 20.0375582558 20.7892685101
21.0 21.1632960113 21.755066231
22.0 22.3422621689 22.5926305251
23.0 22.5985116218 22.9822607858
24.0 23.8478502135 24.1668841442
25.0 24.6926011396 24.7856731268
26.0 25.640370697 25.2781638312
27.0 26.7128836267 26.5266560949
28.0 27.0377948928 27.2436031232
29.0 26.8613575647 27.7993867234
30.0 29.1095040219 29.6871106306
31.0 29.3090133543 29.5824249911
32.0 29.2621849497 30.57646562
33.0 30.7549474525 31.4321567442
34.0 31.3669189081 32.2220035227
35.0 31.8982842685 32.785838104
36.0 32.9828794968 33.464654309
37.0 33.7514341077 34.4810975034
38.0 34.7552076004 34.9279534961
39.0 35.9592069362 36.2564721201
40.0 35.676541426 35.4584626857
41.0 36.2817345058 36.8687768808
42.0 38.2057856377 38.0027106412
43.0 38.1496653199 39.2434745908
44.0 38.7394122081 38.7704046177
45.0 39.7782621463 40.9184763945
46.0 40.5015895941 41.3006659387
47.0 41.1956863901 40.3989084904
48.0 41.0437838062 41.5352595476
49.0 41.6791592432 42.6613023053
50.0 43.7314258265 43.561767284
51.0 44.0306706855 43.9797922209
52.0 44.4188069276 44.30330741
53.0 44.0763175197 43.2396303337
54.0 45.335089918 46.6361064532
55.0 47.6842219302 45.0530856905
56.0 47.6971508822 46.7659983947
57.0 48.6024004916 48.1446584039
58.0 49.3802818263 49.1064923603
59.0 49.2214055005 50.0285030709
60.0 50.9879656759 50.7310442237
61.0 51.9705760977 51.0928824852
62.0 49.9754243966 49.8268978653
63.0 52.1759005993 52.2058886847
64.0 53.0436914997 51.0368834109
65.0 52.7603784514 52.8980879882
66.0 53.3494200463 54.5881653049
67.0 55.2559076923 52.827101548
68.0 56.3439604558 54.771267374
69.0 57.8304962882 54.7290085586
70.0 56.7159428149 55.8018493778
71.0 57.3363878629 57.407544389
72.0 58.387243952 56.1512009603
73.0 58.8810894951 59.1448289705
74.0 59.5154607876 57.412582663
75.0 60.4119412834 58.0988711192
76.0 59.3930070979 58.8117829911
77.0 62.2732691572 61.5680869791
78.0 60.513788478 59.5501927633
79.0 64.665986259 60.821075637
80.0 62.9383534447 61.6504341547
81.0 65.3118698211 61.8299645448
82.0 63.9971225933 63.2359853757
83.0 65.9262195813 63.1005751133
84.0 65.2265716838 64.451411187
85.0 65.1779268786 64.7185038902
86.0 65.0737176734 65.4656689509
87.0 67.9093393058 65.9986708566
88.0 67.1766305654 63.4661228492
89.0 67.1804264712 65.9457163229
90.0 67.6125405331 65.9197132135
91.0 67.0927912462 66.4474055121
92.0 72.0630455368 67.9590511749
93.0 69.9089526577 68.4406894157
94.0 71.4071107387 68.6081707357
95.0 71.1952933254 68.666021893
96.0 71.2667510477 68.6706708018
97.0 73.9358019614 69.3673339824
98.0 74.9256172994 70.7264973524
99.0 74.8813135656 71.48465652
100.0 74.6852816282 70.3102836825
101.0 75.893700251 70.9481460634
102.0 74.5620880417 71.8121423505
103.0 77.6297645436 72.8475682801
104.0 75.6894458857 72.3792482064
105.0 76.926139981 73.9057808804
106.0 77.6270656634 72.7628039112
107.0 79.7920420033 74.0289111332
108.0 78.5529910915 74.2935156465
109.0 81.1449734315 75.0976669331
110.0 80.9682009256 74.8904153918
111.0 80.0059447376 75.1053972931
112.0 81.4996460853 76.5704716712
113.0 81.9712973726 75.1767198788
114.0 83.5285578802 76.5067309221
115.0 81.3303196094 76.9011754892
116.0 85.208661951 76.851800447
117.0 84.10884666 79.6035463703
118.0 84.0344594991 77.2200312716
119.0 85.6795892222 77.9926060456
120.0 84.9787196641 77.8974658033
121.0 84.8987190782 79.6855215154
122.0 86.8665671759 81.0768927323
123.0 87.5877555722 78.9574901813
124.0 88.8819249367 80.5478813634
125.0 87.8382688868 80.6836421696
126.0 88.123311309 81.2277563509
127.0 87.7807087974 80.311335557
128.0 nan nan
129.0 nan nan
130.0 nan nan
131.0 nan nan
132.0 nan nan
133.0 nan nan
134.0 nan nan
135.0 nan nan
136.0 nan nan
137.0 nan nan
138.0 nan nan
139.0 nan nan
140.0 nan nan
141.0 nan nan
142.0 nan nan
143.0 nan nan
144.0 nan nan
145.0 nan nan
146.0 nan nan
147.0 nan nan
148.0 nan nan
149.0 nan nan
150.0 nan nan
151.0 nan nan
152.0 nan nan
153.0 nan nan
154.0 nan nan
155.0 nan nan
156.0 nan nan
157.0 nan nan
158.0 nan nan
159.0 nan nan
160.0 nan nan
161.0 nan nan
162.0 nan nan
163.0 nan nan
164.0 nan nan
165.0 nan nan
166.0 nan nan
167.0 nan nan
168.0 nan nan
169.0 nan nan
170.0 nan nan
171.0 nan nan
172.0 nan nan
173.0 nan nan
174.0 nan nan
175.0 nan nan
176.0 nan nan
177.0 nan nan
178.0 nan nan
179.0 nan nan
180.0 nan nan
181.0 nan nan
182.0 nan nan
183.0 nan nan
184.0 nan nan
185.0 nan nan
186.0 nan nan
187.0 nan nan
188.0 nan nan
189.0 nan nan
190.0 nan nan
191.0 nan nan
192.0 nan nan
193.0 nan nan
194.0 nan nan
195.0 nan nan
196.0 nan nan
197.0 nan nan
198.0 nan nan
199.0 nan nan
200.0 nan nan
201.0 nan nan
202.0 nan nan
203.0 nan nan
204.0 nan nan
205.0 nan nan
206.0 nan nan
207.0 nan nan
208.0 nan nan
209.0 nan nan
210.0 nan nan
211.0 nan nan
212.0 nan nan
213.0 nan nan
214.0 nan nan
215.0 nan nan
216.0 nan nan
217.0 nan nan
218.0 nan nan
219.0 nan nan
220.0 nan nan
221.0 nan nan
222.0 nan nan
223.0 nan nan
224.0 nan nan
225.0 nan nan
226.0 nan nan
227.0 nan nan
228.0 nan nan
229.0 nan nan
230.0 nan nan
231.0 nan nan
232.0 nan nan
233.0 nan nan
234.0 nan nan
235.0 nan nan
236.0 nan nan
237.0 nan nan
238.0 nan nan
239.0 nan nan
240.0 nan nan
241.0 nan nan
242.0 nan nan
243.0 nan nan
244.0 nan nan
245.0 nan nan
246.0 nan nan
247.0 nan nan
248.0 nan nan
249.0 nan nan
250.0 nan nan
251.0 nan nan
252.0 nan nan
253.0 nan nan
254.0 nan nan
255.0 nan nan
