0.0 0.0 0.0
1.0 1.34683598107 1.87330663471
2.0 1.36229976459 1.93094631946
3.0 3.04739458399 4.08328000373
4.0 3.54415338904 4.92491197939
5.0 4.9844675518 6.55511128498
6.0 5.65473721357 7.54197937356
7.0 6.87912131737 8.66166131633
8.0 7.72938173945 9.63020077418
9.0 8.6674146489 10.9007059699
10.0 9.58097617767 12.1870229109
11.0 10.6962319935 13.0041579781
12.0 11.789480304 14.2190011359
13.0 12.3175075029 14.9878636769
14.0 13.4559469381 15.8625505662
15.0 14.6422041667 17.1304322124
16.0 15.3158625949 17.6717158997
17.0 16.7958953233 19.3320295446
18.0 17.1362437023 20.2777145842
19.0 18.4808690703 21.0757896408
20.0 19.2846237275 22.0453862077
21.0 19.600801188 22.3676745895
22.0 20.8622525769 23.3740055148
23.0 21.9355671729 24.7871622253
24.0 23.0149656392 25.4279351968
25.0 23.9763190058 26.7576256172
26.0 24.2824007674 26.5696034155
27.0 25.2881076978 27.756261235
28.0 25.2611492932 28.1256536558
29.0 27.1496436431 29.6790067948
30.0 27.6642899877 31.0658519341
31.0 28.929814693 30.9387172459
32.0 29.1867512606 31.9222458377
33.0 30.5645240758 33.165303238
34.0 31.4025504607 33.5311817032
35.0 31.6190104884 35.0542113676
36.0 32.7448136722 34.8903878455
37.0 33.5944437364 34.8205105945
38.0 34.5643356064 36.0531141994
39.0 36.3816801459 37.3144437708
40.0 35.8910756149 36.7786839135
41.0 36.8202988099 38.0893883203
42.0 38.6538274653 39.0293414721
43.0 38.6828003251 40.1154509296
44.0 40.3353294005 39.8187688689
45.0 40.8385887082 41.5349129226
46.0 41.0872422246 40.9029420433
47.0 41.88027402 42.0926307003
48.0 42.753877317 42.7142034527
49.0 42.7396450647 43.327152023
50.0 44.4150051713 44.5958156769
51.0 44.6491294943 46.6715201575
52.0 46.4580412027 45.8506362061
53.0 47.3864041049 45.7731845145
54.0 47.1554215595 46.2947629989
55.0 49.2539168117 46.3490751639
56.0 48.9109836101 47.7456529759
57.0 50.7117702075 48.7516022098
58.0 52.0684747723 48.8958905142
59.0 52.8235174262 49.7839999045
60.0 54.1851872646 51.8291521988
61.0 52.5414726919 49.6301080263
62.0 53.9020633953 50.4009747947
63.0 55.6814737474 51.7085889444
64.0 55.8020793527 51.1993064087
65.0 57.3932114766 54.1696759478
66.0 57.9254209248 54.3270272442
67.0 56.6411074039 53.0742430411
68.0 59.0162327616 54.5165999086
69.0 59.4756174546 55.4227822049
70.0 60.5490622531 53.9842357646
71.0 60.3711605408 56.342684153
72.0 63.2007536079 54.929557
73.0 63.8605302022 57.6564469457
74.0 63.0027738961 57.0376543766
75.0 63.0980907011 56.1729668555
76.0 64.2484535081 58.0119252765
77.0 65.1778414547 59.7784708462
78.0 65.214331297 59.23415619
79.0 68.1777751209 59.804477077
80.0 68.3535886172 60.9725760095
81.0 68.4501486315 58.8817880291
82.0 69.310122092 62.7284785475
83.0 70.2341913055 61.9794825604
84.0 70.9601881263 61.0753565743
85.0 71.7973056017 62.1400428074
86.0 69.8025200419 62.0107717235
87.0 72.8832491952 64.254449466
88.0 71.1859923469 61.3892684505
89.0 73.0827301215 63.8020397347
90.0 74.9552825035 64.5306453362
91.0 72.4314890618 64.2267659161
92.0 75.8300527866 64.8474950933
93.0 76.776052053 67.0359132025
94.0 76.9722238453 66.2936609875
95.0 76.392025284 65.8975450959
96.0 76.2103876368 66.2017225725
97.0 77.5474706242 66.0302744693
98.0 80.9431835794 68.1362304093
99.0 81.0379355702 68.4152112301
100.0 79.7389835962 67.5333796325
101.0 81.6491541702 67.2737373007
102.0 81.6004973213 68.0890184402
103.0 83.3643387384 69.2012077485
104.0 84.344432258 69.2882815295
105.0 83.2966945 70.6391051477
106.0 84.3781783893 69.4585962648
107.0 87.3498243132 70.7786987662
108.0 86.6578049113 70.444142418
109.0 87.4354753766 70.1697072377
110.0 86.4094579082 71.1199944325
111.0 86.4391944631 71.5774060805
112.0 87.0222199794 72.0965424898
113.0 89.9252086919 69.8762069011
114.0 89.257646124 72.4374657732
115.0 88.4838068098 71.7728792154
116.0 91.6492501919 73.4760074413
117.0 91.7649784167 74.1308970903
118.0 90.2203369054 72.2725056346
119.0 93.3966563297 72.801631918
120.0 92.6437821872 73.4269205505
121.0 92.2133967244 74.4754670968
122.0 94.909184632 75.6247856237
123.0 93.5455060441 74.3004057931
124.0 94.0364158866 75.6220793374
125.0 97.4005966496 75.2237339892
126.0 96.694142552 75.4707760131
127.0 96.1781606948 75.6466712787
128.0 nan nan
129.0 nan nan
130.0 nan nan
131.0 nan nan
132.0 nan nan
133.0 nan nan
134.0 nan nan
135.0 nan nan
136.0 nan nan
137.0 nan nan
138.0 nan nan
139.0 nan nan
140.0 nan nan
141.0 nan nan
142.0 nan nan
143.0 nan nan
144.0 nan nan
145.0 nan nan
146.0 nan nan
147.0 nan nan
148.0 nan nan
149.0 nan nan
150.0 nan nan
151.0 nan nan
152.0 nan nan
153.0 nan nan
154.0 nan nan
155.0 nan nan
156.0 nan nan
157.0 nan nan
158.0 nan nan
159.0 nan nan
160.0 nan nan
161.0 nan nan
162.0 nan nan
163.0 nan nan
164.0 nan nan
165.0 nan nan
166.0 nan nan
167.0 nan nan
168.0 nan nan
169.0 nan nan
170.0 nan nan
171.0 nan nan
172.0 nan nan
173.0 nan nan
174.0 nan nan
175.0 nan nan
176.0 nan nan
177.0 nan nan
178.0 nan nan
179.0 nan nan
180.0 nan nan
181.0 nan nan
182.0 nan nan
183.0 nan nan
184.0 nan nan
185.0 nan nan
186.0 nan nan
187.0 nan nan
188.0 nan nan
189.0 nan nan
190.0 nan nan
191.0 nan nan
192.0 nan nan
193.0 nan nan
194.0 nan nan
195.0 nan nan
196.0 nan nan
197.0 nan nan
198.0 nan nan
199.0 nan nan
200.0 nan nan
201.0 nan nan
202.0 nan nan
203.0 nan nan
204.0 nan nan
205.0 nan nan
206.0 nan nan
207.0 nan nan
208.0 nan nan
209.0 nan nan
210.0 nan nan
211.0 nan nan
212.0 nan nan
213.0 nan nan
214.0 nan nan
215.0 nan nan
216.0 nan nan
217.0 nan nan
218.0 nan nan
219.0 nan nan
220.0 nan nan
221.0 nan nan
222.0 nan nan
223.0 nan nan
224.0 nan nan
225.0 nan nan
226.0 nan nan
227.0 nan nan
228.0 nan nan
229.0 nan nan
230.0 nan nan
231.0 nan nan
232.0 nan nan
233.0 nan nan
234.0 nan nan
235.0 nan nan
236.0 nan nan
237.0 nan nan
238.0 nan nan
239.0 nan nan
240.0 nan nan
241.0 nan nan
242.0 nan nan
243.0 nan nan
244.0 nan nan
245.0 nan nan
246.0 nan nan
247.0 nan nan
248.0 nan nan
249.0 nan nan
250.0 nan nan
251.0 nan nan
252.0 nan nan
253.0 nan nan
254.0 nan nan
255.0 nan nan
