0.0 0.0 0.0
1.0 1.30083332934 1.78693200784
2.0 1.2683755741 1.7587199065
3.0 3.1783564079 3.637697976
4.0 3.59764200279 4.43437743253
5.0 5.09278280749 5.66947064908
6.0 5.86985533104 6.74326282522
7.0 7.29843340232 7.92809062294
8.0 8.12728928987 8.91653963452
9.0 9.45270368367 9.9369389533
10.0 10.5809837233 10.849037184
11.0 11.7332692496 11.6430417821
12.0 12.8612065492 12.6625997716
13.0 14.0855294789 13.5389142061
14.0 14.60592223 14.6972894282
15.0 15.7460291267 15.7122567563
16.0 16.9893093908 15.9964646508
17.0 18.3692447865 17.3188368892
18.0 18.8212708938 18.1572461401
19.0 20.0755892203 19.1777224876
20.0 21.4659719839 19.8925899926
21.0 21.5754717166 20.7691107169
22.0 23.3024759627 20.8983969866
23.0 24.1233913851 22.1867596541
24.0 25.6938117842 23.008380399
25.0 25.8670183276 23.6077149899
26.0 27.1429730024 24.4024077895
27.0 28.4676275733 25.1605019756
28.0 28.6838721227 25.9309657746
29.0 29.9745169866 27.0404934479
30.0 31.6932992619 27.8280009932
31.0 32.2440027456 28.7378111466
32.0 32.2296894488 28.9229445275
33.0 34.1021738597 29.2392173767
34.0 35.2717552021 29.9267644147
35.0 35.4253432187 31.6365708387
36.0 36.9686259228 30.7374998274
37.0 38.2696996471 31.3093746199
38.0 38.6791222314 32.4262787063
39.0 40.4631714527 33.7635951077
40.0 40.656298485 33.6956657656
41.0 41.3016615865 34.9149366318
42.0 43.1540498549 35.839051438
43.0 43.5782185288 35.4210102843
44.0 43.8788796032 35.6067133945
45.0 45.869898386 37.5685162556
46.0 45.7766652768 37.6112947696
47.0 47.122576395 38.5704208397
48.0 47.8104473677 38.4670097662
49.0 47.9354552811 38.9877264476
50.0 49.042810827 40.5841089912
51.0 50.9550174042 41.0846189787
52.0 51.9628570273 41.2758173574
53.0 51.6932027709 40.5624938081
54.0 52.846099657 40.9345158456
55.0 54.6119939496 42.0142802777
56.0 55.4327238262 43.7021779821
57.0 57.3980740814 43.704500589
58.0 57.3598959565 43.5539959928
59.0 58.4660095153 45.2765293779
60.0 60.7318998912 46.297361273
61.0 58.798967964 45.3778817951
62.0 60.6651556318 44.8085151202
63.0 61.7632966793 46.1337957964
64.0 61.6801255414 46.3016251217
65.0 63.4207977575 48.1220319226
66.0 63.684727179 50.1267575426
67.0 63.1452141731 47.6834105584
68.0 65.0856589861 49.0659278174
69.0 66.333153561 49.4373555802
70.0 66.622281283 49.499966005
71.0 66.2114588059 50.3027045414
72.0 68.9460402975 50.2719842956
73.0 70.0790950026 51.6232650264
74.0 68.0677421198 50.9793696535
75.0 70.7643062377 51.4075343077
76.0 71.1053939167 52.978762846
77.0 73.0253843394 53.8963169158
78.0 71.9219073698 54.8258073721
79.0 74.460279028 52.8330606062
80.0 74.1928372102 54.7420688364
81.0 74.9917860349 52.7352710639
82.0 76.1807065697 55.7564747679
83.0 77.9929559764 55.7280624897
84.0 77.6712863355 55.6014073211
85.0 78.4218861452 57.1063579447
86.0 77.0181858167 56.7850894505
87.0 80.0123298468 57.3789554355
88.0 78.7214585811 56.8038240497
89.0 80.2026768701 57.5782547994
90.0 81.5120277655 58.0637942049
91.0 80.0297576364 58.6456211567
92.0 84.0227349518 59.8827012383
93.0 83.7842805992 61.1398973614
94.0 84.1324194847 59.3431204636
95.0 84.0753844477 59.7987092643
96.0 82.9453246195 60.3572212065
97.0 85.8936994683 60.4922362214
98.0 88.6478820079 62.373106053
99.0 88.2453445759 62.9165619282
100.0 88.4896650459 61.2657674815
101.0 88.3389272063 62.7064037574
102.0 89.7556037423 61.4459506985
103.0 92.0278202831 62.6423835406
104.0 92.5789765771 61.775011251
105.0 91.4604675438 63.9371515759
106.0 90.7147050836 62.6054253814
107.0 94.7675784023 65.187051664
108.0 94.7433515968 64.3351349016
109.0 95.9716397519 63.299293065
110.0 94.5646585492 64.2615920734
111.0 93.197414424 65.1314702117
112.0 95.2567632033 65.609734411
113.0 98.2211869126 64.2974709854
114.0 97.887442272 66.6437603592
115.0 98.4567533899 66.2153500855
116.0 98.4289920838 66.6973598827
117.0 100.17476891 68.3520679449
118.0 97.3290532729 66.4567558505
119.0 100.824431364 66.0481273592
120.0 99.2958312911 67.8057337483
121.0 101.904556049 68.2772565008
122.0 104.064341404 69.476510962
123.0 102.371328314 69.2400536681
124.0 103.778959652 68.3002795509
125.0 105.467035553 67.7679009773
126.0 103.285412724 69.4543117066
127.0 106.142308288 69.5327126822
128.0 nan nan
129.0 nan nan
130.0 nan nan
131.0 nan nan
132.0 nan nan
133.0 nan nan
134.0 nan nan
135.0 nan nan
136.0 nan nan
137.0 nan nan
138.0 nan nan
139.0 nan nan
140.0 nan nan
141.0 nan nan
142.0 nan nan
143.0 nan nan
144.0 nan nan
145.0 nan nan
146.0 nan nan
147.0 nan nan
148.0 nan nan
149.0 nan nan
150.0 nan nan
151.0 nan nan
152.0 nan nan
153.0 nan nan
154.0 nan nan
155.0 nan nan
156.0 nan nan
157.0 nan nan
158.0 nan nan
159.0 nan nan
160.0 nan nan
161.0 nan nan
162.0 nan nan
163.0 nan nan
164.0 nan nan
165.0 nan nan
166.0 nan nan
167.0 nan nan
168.0 nan nan
169.0 nan nan
170.0 nan nan
171.0 nan nan
172.0 nan nan
173.0 nan nan
174.0 nan nan
175.0 nan nan
176.0 nan nan
177.0 nan nan
178.0 nan nan
179.0 nan nan
180.0 nan nan
181.0 nan nan
182.0 nan nan
183.0 nan nan
184.0 nan nan
185.0 nan nan
186.0 nan nan
187.0 nan nan
188.0 nan nan
189.0 nan nan
190.0 nan nan
191.0 nan nan
192.0 nan nan
193.0 nan nan
194.0 nan nan
195.0 nan nan
196.0 nan nan
197.0 nan nan
198.0 nan nan
199.0 nan nan
200.0 nan nan
201.0 nan nan
202.0 nan nan
203.0 nan nan
204.0 nan nan
205.0 nan nan
206.0 nan nan
207.0 nan nan
208.0 nan nan
209.0 nan nan
210.0 nan nan
211.0 nan nan
212.0 nan nan
213.0 nan nan
214.0 nan nan
215.0 nan nan
216.0 nan nan
217.0 nan nan
218.0 nan nan
219.0 nan nan
220.0 nan nan
221.0 nan nan
222.0 nan nan
223.0 nan nan
224.0 nan nan
225.0 nan nan
226.0 nan nan
227.0 nan nan
228.0 nan nan
229.0 nan nan
230.0 nan nan
231.0 nan nan
232.0 nan nan
233.0 nan nan
234.0 nan nan
235.0 nan nan
236.0 nan nan
237.0 nan nan
238.0 nan nan
239.0 nan nan
240.0 nan nan
241.0 nan nan
242.0 nan nan
243.0 nan nan
244.0 nan nan
245.0 nan nan
246.0 nan nan
247.0 nan nan
248.0 nan nan
249.0 nan nan
250.0 nan nan
251.0 nan nan
252.0 nan nan
253.0 nan nan
254.0 nan nan
255.0 nan nan
