0.0 0.0 0.0
1.0 2.19573849664 2.2034972052
2.0 2.22296489725 2.18521412525
3.0 4.18344922522 4.03192790889
4.0 4.92964363007 4.82104215474
5.0 6.44224489869 5.90619209855
6.0 7.20851664213 6.96099772512
7.0 9.00615463717 8.04797419342
8.0 9.46452362547 8.89257419802
9.0 10.5303701788 10.4150776644
10.0 11.5109069472 10.8467678248
11.0 12.768959977 12.2794070745
12.0 13.6332428416 12.8880904781
13.0 15.067377401 13.848359798
14.0 15.7713272633 14.8554718929
15.0 17.2431759496 15.9786773768
16.0 17.9098405954 16.1397170121
17.0 19.3033375999 18.035900278
18.0 20.0283216822 18.3640765801
19.0 20.7397752882 18.9291651287
20.0 21.5905717083 20.2684421357
21.0 22.624312356 21.0396547108
22.0 24.12681763 21.5759422584
23.0 24.1500986162 22.2942645544
24.0 26.383648833 23.1423793961
25.0 26.6145166773 23.81752944
26.0 27.4436857876 24.5604244622
27.0 29.1007408868 25.462327959
28.0 29.672838 26.7009390207
29.0 29.815653652 26.7869213096
30.0 31.3822478396 28.4157715781
31.0 32.2652330446 28.4947920672
32.0 32.4067460955 29.2797512524
33.0 33.8272506884 29.4310942422
34.0 34.1573962803 30.9455188429
35.0 34.1901665407 31.7993385975
36.0 36.1771697083 31.9388145642
37.0 37.1504141914 32.8674423735
38.0 37.7371908282 32.7616468065
39.0 38.670835995 35.4065292984
40.0 38.9071889058 34.0344224783
41.0 39.2813778748 35.2741699379
42.0 41.975487487 35.8550511736
43.0 41.6053240752 37.2429915298
44.0 43.0698394033 37.1259426652
45.0 44.4406901078 38.5778664743
46.0 44.6806029458 38.9604357453
47.0 45.571045718 38.6366873006
48.0 45.5031032265 39.6359052544
49.0 46.5874355415 41.421555462
50.0 47.4778039906 41.7936751872
51.0 48.382431529 42.8161590073
52.0 48.9814439082 42.0419281203
53.0 49.1616068681 41.2582009127
54.0 50.0296718302 43.7562973075
55.0 53.2064157413 43.4033518155
56.0 53.2817815567 44.5938678091
57.0 55.0025006026 45.6177429107
58.0 54.6249725273 46.6927553583
59.0 54.5630631885 46.6507035164
60.0 57.3943514719 48.252467547
61.0 56.2138210103 47.6816021596
62.0 55.7726955161 47.6967265979
63.0 58.0440492637 49.2162535655
64.0 58.5770523757 48.1621060626
65.0 58.0690426285 50.412057641
66.0 59.4298881327 51.8901067455
67.0 61.9000668866 49.1310162081
68.0 62.6098276339 51.2831876833
69.0 63.119270052 52.5941259237
70.0 63.0939985236 53.423078204
71.0 63.4811418284 54.1017125394
72.0 66.6889736511 53.6071916959
73.0 66.4731945678 55.3906215903
74.0 65.7922363692 54.0061696233
75.0 67.0842743253 55.338820901
76.0 66.6990134705 54.3890587837
77.0 70.1190697519 57.6575849953
78.0 66.4095139858 56.0558264643
79.0 72.6009389391 57.6792826784
80.0 70.161434864 59.2598475533
81.0 71.5604540878 56.0472428118
82.0 70.9081476836 59.0505977605
83.0 74.2713379688 59.3885775497
84.0 74.0889811836 60.5645614055
85.0 72.2095168224 61.6316575983
86.0 73.8782960701 61.7765749404
87.0 76.2638960786 60.5526436129
88.0 74.7129068822 59.0500390549
89.0 76.3894345643 62.1859820266
90.0 77.2017438057 62.9048467375
91.0 76.9933706737 62.7222916491
92.0 79.5399302078 62.6288237061
93.0 78.4699813505 65.595940189
94.0 80.8497184587 64.2609381809
95.0 79.1077463649 64.0496820454
96.0 78.4273580365 64.135286081
97.0 81.1615655348 64.278459613
98.0 84.5159583928 65.2646739366
99.0 82.5518399043 66.5261623839
100.0 84.8069849454 65.4795026604
101.0 84.3148649436 67.1157746337
102.0 83.8172699429 67.058908608
103.0 86.8877333935 66.9889936682
104.0 87.186988323 67.3119108511
105.0 86.263672127 68.4200156432
106.0 87.690589268 68.2388479813
107.0 91.0922107114 70.0630225644
108.0 89.9809844909 69.3330591803
109.0 90.5288927593 68.7707860217
110.0 90.7031580234 68.9713353558
111.0 89.459976832 70.3226053345
112.0 91.5417949226 70.4969689258
113.0 92.2102343475 69.7888690767
114.0 92.6145641264 71.1359070529
115.0 93.0419452341 72.253847719
116.0 95.1398359403 71.09009867
117.0 94.6971926335 73.6969407211
118.0 93.1284645193 71.5144130389
119.0 96.3463475537 72.9891944451
120.0 96.0458282183 72.408350083
121.0 96.106292628 73.3300659824
122.0 97.8030851652 75.2284337992
123.0 98.6436449351 74.0677265654
124.0 100.744313289 75.1748795796
125.0 100.018301202 74.733530849
126.0 98.7283089964 75.7601892362
127.0 100.353947704 74.929555902
128.0 nan nan
129.0 nan nan
130.0 nan nan
131.0 nan nan
132.0 nan nan
133.0 nan nan
134.0 nan nan
135.0 nan nan
136.0 nan nan
137.0 nan nan
138.0 nan nan
139.0 nan nan
140.0 nan nan
141.0 nan nan
142.0 nan nan
143.0 nan nan
144.0 nan nan
145.0 nan nan
146.0 nan nan
147.0 nan nan
148.0 nan nan
149.0 nan nan
150.0 nan nan
151.0 nan nan
152.0 nan nan
153.0 nan nan
154.0 nan nan
155.0 nan nan
156.0 nan nan
157.0 nan nan
158.0 nan nan
159.0 nan nan
160.0 nan nan
161.0 nan nan
162.0 nan nan
163.0 nan nan
164.0 nan nan
165.0 nan nan
166.0 nan nan
167.0 nan nan
168.0 nan nan
169.0 nan nan
170.0 nan nan
171.0 nan nan
172.0 nan nan
173.0 nan nan
174.0 nan nan
175.0 nan nan
176.0 nan nan
177.0 nan nan
178.0 nan nan
179.0 nan nan
180.0 nan nan
181.0 nan nan
182.0 nan nan
183.0 nan nan
184.0 nan nan
185.0 nan nan
186.0 nan nan
187.0 nan nan
188.0 nan nan
189.0 nan nan
190.0 nan nan
191.0 nan nan
192.0 nan nan
193.0 nan nan
194.0 nan nan
195.0 nan nan
196.0 nan nan
197.0 nan nan
198.0 nan nan
199.0 nan nan
200.0 nan nan
201.0 nan nan
202.0 nan nan
203.0 nan nan
204.0 nan nan
205.0 nan nan
206.0 nan nan
207.0 nan nan
208.0 nan nan
209.0 nan nan
210.0 nan nan
211.0 nan nan
212.0 nan nan
213.0 nan nan
214.0 nan nan
215.0 nan nan
216.0 nan nan
217.0 nan nan
218.0 nan nan
219.0 nan nan
220.0 nan nan
221.0 nan nan
222.0 nan nan
223.0 nan nan
224.0 nan nan
225.0 nan nan
226.0 nan nan
227.0 nan nan
228.0 nan nan
229.0 nan nan
230.0 nan nan
231.0 nan nan
232.0 nan nan
233.0 nan nan
234.0 nan nan
235.0 nan nan
236.0 nan nan
237.0 nan nan
238.0 nan nan
239.0 nan nan
240.0 nan nan
241.0 nan nan
242.0 nan nan
243.0 nan nan
244.0 nan nan
245.0 nan nan
246.0 nan nan
247.0 nan nan
248.0 nan nan
249.0 nan nan
250.0 nan nan
251.0 nan nan
252.0 nan nan
253.0 nan nan
254.0 nan nan
255.0 nan nan
