0.0 0.0 0.0
1.0 2.21288828367 2.1866018808
2.0 2.21712573071 2.19250692609
3.0 4.36249632928 3.97925977585
4.0 4.99102639462 4.76315038955
5.0 6.63515944428 5.79698353529
6.0 7.50774121143 6.81472299961
7.0 9.35552667062 7.80342777411
8.0 9.99133275304 8.57186841515
9.0 11.2013352351 10.0663945295
10.0 12.4147985438 10.6430518839
11.0 13.5835128341 11.648933534
12.0 14.7881748948 12.2925170767
13.0 15.9539721826 13.4525642291
14.0 16.828438542 14.3387385656
15.0 18.3757553241 15.2936626966
16.0 19.05416688 15.4941590372
17.0 20.9043975368 17.1025086392
18.0 21.3689186416 17.5075033265
19.0 22.5444124166 18.153015457
20.0 23.773801668 19.3606697743
21.0 24.4312696327 20.2343671868
22.0 25.8076661511 20.0225658915
23.0 26.2311426128 21.0693196075
24.0 28.3927115343 21.7863052664
25.0 28.8250200861 22.5708882308
26.0 29.5995817921 22.5427379815
27.0 31.7248444279 24.29911603
28.0 32.178305548 25.1167074592
29.0 32.2880240661 24.9533736614
30.0 34.4748648181 27.0647866549
31.0 35.0186755686 27.3612678973
32.0 35.1588781243 27.518147395
33.0 37.1715910293 27.9848874963
34.0 37.591856081 29.1314566156
35.0 38.0311254272 30.0062724264
36.0 38.8895617177 30.1552616038
37.0 40.6654521749 30.9059270419
38.0 41.4003807514 31.1632467683
39.0 42.0670982331 32.3142374766
40.0 42.2557374106 32.4783470471
41.0 43.7626048113 33.1072603802
42.0 45.2308014258 34.4374751327
43.0 46.1680465416 34.9409633747
44.0 47.1706136958 34.8440023599
45.0 48.760437644 35.2773860527
46.0 48.4966750379 36.3609882578
47.0 50.4025264799 36.2424318641
48.0 49.7939453151 37.0488611575
49.0 50.8919675051 38.6684521296
50.0 52.4211098895 39.0063268377
51.0 53.8529838504 39.744297082
52.0 52.949116157 39.5407314865
53.0 53.8396599803 39.9204969573
54.0 55.1539491496 41.0037747901
55.0 57.9264745627 41.1880253151
56.0 58.4984530445 41.4019020084
57.0 59.5842974792 42.1450154238
58.0 59.6153538376 42.998796313
59.0 60.0664584332 43.6700896364
60.0 63.4259982829 43.8583718831
61.0 61.3702581232 43.7748653419
62.0 61.7589779019 43.416835635
63.0 62.3480577113 45.5230423172
64.0 63.7620103556 44.4735343055
65.0 64.4552255493 46.8798550623
66.0 64.8955135919 48.6466782731
67.0 66.9615971405 45.516322961
68.0 67.4114397712 47.5825441317
69.0 70.1092296589 48.1356608509
70.0 69.4923536473 49.0816723955
71.0 69.4004698229 50.123531914
72.0 70.5727360881 49.0006780428
73.0 72.0112369739 50.8820176442
74.0 70.7652970438 50.4019602753
75.0 72.7993172595 51.1664642874
76.0 72.1291743029 51.2458372204
77.0 76.1187102156 52.6417711193
78.0 74.1180189728 51.8392053615
79.0 78.0070827133 52.0125173836
80.0 76.3338479791 54.5386426185
81.0 78.9225693042 52.4585219842
82.0 77.5611458398 53.2684199062
83.0 80.3035720055 54.6990490371
84.0 81.046329473 54.5933357449
85.0 80.5328167977 56.4522338477
86.0 80.2397617082 55.7225051837
87.0 82.5244984184 55.2653229037
88.0 81.2506057248 55.0894543887
89.0 82.6827541654 57.5778392562
90.0 85.0086188739 57.9384258595
91.0 82.4613760967 57.1913589685
92.0 86.5926719762 58.5696315844
93.0 85.1362235418 61.0768135512
94.0 87.0771618947 59.5314509117
95.0 86.6232453438 59.5901091163
96.0 85.5017312456 58.4708749137
97.0 88.0746304505 59.0298566752
98.0 91.6300783695 61.1124628795
99.0 90.0081788828 62.2550754805
100.0 92.2103437564 59.7929152996
101.0 91.5840781865 62.0903367879
102.0 92.2788561424 61.7950120663
103.0 95.6345213762 61.4807777319
104.0 95.8275074614 61.7465737145
105.0 94.0743432935 62.4031298928
106.0 95.0800478443 62.4533275912
107.0 98.5557725939 64.0472167541
108.0 98.4477530917 63.3041965854
109.0 99.0371746513 64.2665709383
110.0 97.5517886754 64.2626180447
111.0 95.6237942325 65.0716114704
112.0 99.5656958345 65.6644349255
113.0 100.751026801 63.9981187819
114.0 100.751551765 64.998151519
115.0 100.029994536 65.5616133481
116.0 100.973859113 65.3746715046
117.0 102.901079595 67.9013790904
118.0 100.330356831 65.3354223163
119.0 102.744925199 66.9771243721
120.0 103.011914752 66.8409444866
121.0 103.694457537 67.1098816053
122.0 107.164404885 69.3294389134
123.0 102.803186093 68.9112090409
124.0 106.997131652 68.2511760892
125.0 106.74658518 68.1568030474
126.0 104.837912191 69.5834858193
127.0 107.640789876 68.4998750323
128.0 nan nan
129.0 nan nan
130.0 nan nan
131.0 nan nan
132.0 nan nan
133.0 nan nan
134.0 nan nan
135.0 nan nan
136.0 nan nan
137.0 nan nan
138.0 nan nan
139.0 nan nan
140.0 nan nan
141.0 nan nan
142.0 nan nan
143.0 nan nan
144.0 nan nan
145.0 nan nan
146.0 nan nan
147.0 nan nan
148.0 nan nan
149.0 nan nan
150.0 nan nan
151.0 nan nan
152.0 nan nan
153.0 nan nan
154.0 nan nan
155.0 nan nan
156.0 nan nan
157.0 nan nan
158.0 nan nan
159.0 nan nan
160.0 nan nan
161.0 nan nan
162.0 nan nan
163.0 nan nan
164.0 nan nan
165.0 nan nan
166.0 nan nan
167.0 nan nan
168.0 nan nan
169.0 nan nan
170.0 nan nan
171.0 nan nan
172.0 nan nan
173.0 nan nan
174.0 nan nan
175.0 nan nan
176.0 nan nan
177.0 nan nan
178.0 nan nan
179.0 nan nan
180.0 nan nan
181.0 nan nan
182.0 nan nan
183.0 nan nan
184.0 nan nan
185.0 nan nan
186.0 nan nan
187.0 nan nan
188.0 nan nan
189.0 nan nan
190.0 nan nan
191.0 nan nan
192.0 nan nan
193.0 nan nan
194.0 nan nan
195.0 nan nan
196.0 nan nan
197.0 nan nan
198.0 nan nan
199.0 nan nan
200.0 nan nan
201.0 nan nan
202.0 nan nan
203.0 nan nan
204.0 nan nan
205.0 nan nan
206.0 nan nan
207.0 nan nan
208.0 nan nan
209.0 nan nan
210.0 nan nan
211.0 nan nan
212.0 nan nan
213.0 nan nan
214.0 nan nan
215.0 nan nan
216.0 nan nan
217.0 nan nan
218.0 nan nan
219.0 nan nan
220.0 nan nan
221.0 nan nan
222.0 nan nan
223.0 nan nan
224.0 nan nan
225.0 nan nan
226.0 nan nan
227.0 nan nan
228.0 nan nan
229.0 nan nan
230.0 nan nan
231.0 nan nan
232.0 nan nan
233.0 nan nan
234.0 nan nan
235.0 nan nan
236.0 nan nan
237.0 nan nan
238.0 nan nan
239.0 nan nan
240.0 nan nan
241.0 nan nan
242.0 nan nan
243.0 nan nan
244.0 nan nan
245.0 nan nan
246.0 nan nan
247.0 nan nan
248.0 nan nan
249.0 nan nan
250.0 nan nan
251.0 nan nan
252.0 nan nan
253.0 nan nan
254.0 nan nan
255.0 nan nan
