0.0 0.0 0.0
1.0 2.19546073543 2.15528017459
2.0 2.22349097088 2.19174723723
3.0 4.0451079505 4.077656101
4.0 4.85558239331 4.91529850536
5.0 6.08628493428 6.21707852013
6.0 6.83060752285 7.18628630429
7.0 8.24306063393 8.33917514759
8.0 8.87995235962 9.38190692837
9.0 9.97117502566 10.7382391289
10.0 10.7218956868 11.2404434512
11.0 11.9256599788 12.5384039431
12.0 12.2538634524 13.4449631294
13.0 13.4334106428 14.7545269516
14.0 14.4294047186 15.5494468716
15.0 15.4838166139 16.5525354767
16.0 15.8844601663 17.2733502468
17.0 17.2356132728 18.6292883426
18.0 17.875601686 19.1015620027
19.0 18.649871628 19.7597392868
20.0 19.4758173609 21.0814429496
21.0 20.2978145769 21.6549440288
22.0 21.5609174096 22.6543664522
23.0 21.3990600263 23.2675302638
24.0 23.2442070331 24.4302246369
25.0 23.3546779512 25.0459393833
26.0 24.2562769708 25.9018371694
27.0 25.2813831573 27.3539577954
28.0 25.7526000361 27.8668349326
29.0 25.6436526221 28.3288069062
30.0 27.4116434245 30.3250527979
31.0 27.9178683759 30.3170000141
32.0 28.2939005673 31.2517742986
33.0 29.4464167001 32.0813764093
34.0 30.289032815 33.240955908
35.0 30.5085947667 33.8186450889
36.0 31.3217034546 34.2330667031
37.0 31.8541491325 34.8425996196
38.0 32.7238058834 36.1195097927
39.0 33.1730552197 36.8716119984
40.0 33.7089520317 36.1561255088
41.0 34.202465328 38.0910508217
42.0 35.7548901968 38.6103977723
43.0 36.0920385669 40.1251255821
44.0 36.0661651705 40.2358004912
45.0 36.9691050928 41.8655564641
46.0 37.6509911817 42.0536862086
47.0 38.6366990157 41.4638474065
48.0 38.7779543331 43.2546263036
49.0 39.4914775685 43.4204456226
50.0 40.4692190537 44.3576421545
51.0 42.316025585 45.4704388333
52.0 41.388286179 45.0915583861
53.0 41.7641716076 44.7076316568
54.0 42.1853344353 47.5410633459
55.0 45.0745706868 45.5755955915
56.0 44.1911269773 47.5955420364
57.0 45.6625837981 49.4663374395
58.0 45.8926839431 50.9126715519
59.0 46.4442887729 52.1852999205
60.0 47.7207202452 51.5325528995
61.0 47.8907667211 51.9389334751
62.0 46.8832011201 51.4041012358
63.0 47.5074019474 52.9211445967
64.0 48.6874798678 52.389045024
65.0 48.705479222 53.5654535134
66.0 49.0561055444 55.8702399962
67.0 50.0235265611 54.6310606759
68.0 52.3496150319 55.8133321785
69.0 52.7595960971 56.8843317495
70.0 52.1890179872 57.9857422718
71.0 52.446358976 58.8385248688
72.0 54.0643669124 58.1940434381
73.0 54.0751801615 60.120333689
74.0 55.3053203918 59.658817858
75.0 54.2952283619 59.4154681578
76.0 54.9930147052 61.5697230535
77.0 56.655136556 62.6258783072
78.0 55.3348443602 60.9372330027
79.0 57.7897096451 62.6087553735
80.0 56.8613008874 64.2505157282
81.0 59.2992619292 64.079242915
82.0 58.9360830758 64.6256931625
83.0 59.8813516981 65.7697047173
84.0 58.8620764764 65.6951587769
85.0 59.807180248 67.053430375
86.0 59.5376255418 66.6987398801
87.0 61.4441171639 67.9199572826
88.0 60.9711319887 65.1752847071
89.0 61.2626269873 68.4108887024
90.0 61.7011526141 68.6453131132
91.0 62.3998618571 69.4913170939
92.0 66.7949452982 70.9747795188
93.0 64.1636411361 71.5999758995
94.0 64.4349058795 70.9728888541
95.0 64.4769479804 70.5867981079
96.0 65.5309728075 70.4579070492
97.0 66.1611396368 72.6809227209
98.0 67.4615702411 74.3016423669
99.0 67.0787983548 73.9527966808
100.0 67.652545725 73.8722475694
101.0 68.6287638894 72.0265064975
102.0 68.2630560294 74.5970191345
103.0 70.0616928504 74.8659225145
104.0 68.2995085757 75.9808920222
105.0 69.1128243384 76.1882002331
106.0 69.1850119803 75.5745294511
107.0 71.3016485879 77.230999915
108.0 72.1486823324 77.8376600994
109.0 71.7243060166 78.6392407039
110.0 73.5549985509 79.3891738474
111.0 72.5415903048 78.2411407391
112.0 74.1508961103 79.8784119878
113.0 73.264306472 79.0479722084
114.0 74.3784239134 78.9066968695
115.0 73.6254889621 79.9898119749
116.0 74.8366335589 80.792663522
117.0 77.3102550813 81.3817028826
118.0 75.1942437642 80.1159741006
119.0 75.6193823092 81.120094142
120.0 76.2971137509 81.7593613472
121.0 76.2882116001 82.9443750093
122.0 78.5301692118 84.8404050724
123.0 78.4780681489 83.0490486367
124.0 79.0912054552 83.2720218189
125.0 79.4054382708 82.8480511002
126.0 79.219496039 84.8592134155
127.0 78.6158442292 86.6685612291
128.0 nan nan
129.0 nan nan
130.0 nan nan
131.0 nan nan
132.0 nan nan
133.0 nan nan
134.0 nan nan
135.0 nan nan
136.0 nan nan
137.0 nan nan
138.0 nan nan
139.0 nan nan
140.0 nan nan
141.0 nan nan
142.0 nan nan
143.0 nan nan
144.0 nan nan
145.0 nan nan
146.0 nan nan
147.0 nan nan
148.0 nan nan
149.0 nan nan
150.0 nan nan
151.0 nan nan
152.0 nan nan
153.0 nan nan
154.0 nan nan
155.0 nan nan
156.0 nan nan
157.0 nan nan
158.0 nan nan
159.0 nan nan
160.0 nan nan
161.0 nan nan
162.0 nan nan
163.0 nan nan
164.0 nan nan
165.0 nan nan
166.0 nan nan
167.0 nan nan
168.0 nan nan
169.0 nan nan
170.0 nan nan
171.0 nan nan
172.0 nan nan
173.0 nan nan
174.0 nan nan
175.0 nan nan
176.0 nan nan
177.0 nan nan
178.0 nan nan
179.0 nan nan
180.0 nan nan
181.0 nan nan
182.0 nan nan
183.0 nan nan
184.0 nan nan
185.0 nan nan
186.0 nan nan
187.0 nan nan
188.0 nan nan
189.0 nan nan
190.0 nan nan
191.0 nan nan
192.0 nan nan
193.0 nan nan
194.0 nan nan
195.0 nan nan
196.0 nan nan
197.0 nan nan
198.0 nan nan
199.0 nan nan
200.0 nan nan
201.0 nan nan
202.0 nan nan
203.0 nan nan
204.0 nan nan
205.0 nan nan
206.0 nan nan
207.0 nan nan
208.0 nan nan
209.0 nan nan
210.0 nan nan
211.0 nan nan
212.0 nan nan
213.0 nan nan
214.0 nan nan
215.0 nan nan
216.0 nan nan
217.0 nan nan
218.0 nan nan
219.0 nan nan
220.0 nan nan
221.0 nan nan
222.0 nan nan
223.0 nan nan
224.0 nan nan
225.0 nan nan
226.0 nan nan
227.0 nan nan
228.0 nan nan
229.0 nan nan
230.0 nan nan
231.0 nan nan
232.0 nan nan
233.0 nan nan
234.0 nan nan
235.0 nan nan
236.0 nan nan
237.0 nan nan
238.0 nan nan
239.0 nan nan
240.0 nan nan
241.0 nan nan
242.0 nan nan
243.0 nan nan
244.0 nan nan
245.0 nan nan
246.0 nan nan
247.0 nan nan
248.0 nan nan
249.0 nan nan
250.0 nan nan
251.0 nan nan
252.0 nan nan
253.0 nan nan
254.0 nan nan
255.0 nan nan
