0.0 0.0 0.0
1.0 4.98701818418 6.51594865982
2.0 4.94692559499 6.72863278013
3.0 12.0032478327 12.3002633519
4.0 12.5570011804 13.4261310827
5.0 18.8827332438 16.7335273701
6.0 20.0582779502 18.3493321892
7.0 24.2476605252 20.7156235058
8.0 24.9069156303 21.8833888115
9.0 28.2372329283 24.0475541071
10.0 28.3559347572 25.23376658
11.0 30.8224177684 27.5456031356
12.0 30.8772648922 27.5680886257
13.0 32.0615015943 28.5189085031
14.0 32.6095033122 29.9780100402
15.0 34.0516001343 31.6393731381
16.0 nan nan
17.0 nan nan
18.0 nan nan
19.0 nan nan
20.0 nan nan
21.0 nan nan
22.0 nan nan
23.0 nan nan
24.0 nan nan
25.0 nan nan
26.0 nan nan
27.0 nan nan
28.0 nan nan
29.0 nan nan
30.0 nan nan
31.0 nan nan
