0.0 0.0 0.0
1.0 2.02031701441 2.7833682316
2.0 1.96732325105 2.81395026136
3.0 3.96188751686 5.0540842766
4.0 4.068295059 5.61985248591
5.0 6.35809771835 7.24742353046
6.0 7.13868209288 8.07620631423
7.0 8.92589418484 9.28476091406
8.0 9.23515722359 10.0821343786
9.0 11.1505601042 11.0566837983
10.0 11.4431425902 12.0013813503
11.0 12.9164160942 12.5738122417
12.0 13.999091329 13.4761833791
13.0 15.1029945325 14.2194445915
14.0 16.4051432738 15.081059453
15.0 17.7199747843 15.6688157049
16.0 17.8584473488 16.3268253334
17.0 19.2723536292 16.8479561976
18.0 19.948536046 17.7617180231
19.0 20.491945583 18.0038609074
20.0 21.5336405815 18.7463470873
21.0 22.949118867 19.3977089245
22.0 22.7444207018 20.081698076
23.0 23.5595829543 20.6384470073
24.0 24.8287649445 21.5694702247
25.0 24.9147774598 21.3777148345
26.0 25.375527699 22.3114907898
27.0 27.3875272877 22.513087005
28.0 27.1562058005 23.2100573522
29.0 28.4435881905 24.2893955878
30.0 28.5910375427 23.9054054089
31.0 29.0933731405 24.2151344399
32.0 30.313804083 25.2354855977
33.0 30.0448071834 25.244461586
34.0 31.69964163 25.3363300651
35.0 31.2777610951 26.3424728085
36.0 32.3088972393 26.9889862247
37.0 32.6490022883 26.7601705455
38.0 33.2031646349 27.7872652952
39.0 33.5582427526 27.763699263
40.0 33.6059535649 28.0150129996
41.0 34.3313167577 29.0178318974
42.0 35.7136951335 29.2075471519
43.0 34.8589872943 28.9532191742
44.0 35.6220223788 29.8027036279
45.0 36.0025357473 29.9903289169
46.0 36.4733298658 31.3130723039
47.0 37.249669599 31.2587424667
48.0 37.3669349305 31.1409914508
49.0 37.4987664137 31.4093268119
50.0 37.7324599398 31.8222369255
51.0 36.970923233 32.1611568582
52.0 37.6800774971 32.4595960185
53.0 38.1744188432 31.7640618672
54.0 38.335019497 33.6644096422
55.0 37.3974466692 33.2493528499
56.0 38.9132888984 34.0292424961
57.0 38.7079441615 33.4323283622
58.0 39.9525811691 34.4084681491
59.0 38.9589878221 34.5265790028
60.0 40.2891043566 34.0081092815
61.0 39.4905461819 34.3192979377
62.0 40.6042788567 34.9606966629
63.0 40.883800729 34.9402188536
64.0 nan nan
65.0 nan nan
66.0 nan nan
67.0 nan nan
68.0 nan nan
69.0 nan nan
70.0 nan nan
71.0 nan nan
72.0 nan nan
73.0 nan nan
74.0 nan nan
75.0 nan nan
76.0 nan nan
77.0 nan nan
78.0 nan nan
79.0 nan nan
80.0 nan nan
81.0 nan nan
82.0 nan nan
83.0 nan nan
84.0 nan nan
85.0 nan nan
86.0 nan nan
87.0 nan nan
88.0 nan nan
89.0 nan nan
90.0 nan nan
91.0 nan nan
92.0 nan nan
93.0 nan nan
94.0 nan nan
95.0 nan nan
96.0 nan nan
97.0 nan nan
98.0 nan nan
99.0 nan nan
100.0 nan nan
101.0 nan nan
102.0 nan nan
103.0 nan nan
104.0 nan nan
105.0 nan nan
106.0 nan nan
107.0 nan nan
108.0 nan nan
109.0 nan nan
110.0 nan nan
111.0 nan nan
112.0 nan nan
113.0 nan nan
114.0 nan nan
115.0 nan nan
116.0 nan nan
117.0 nan nan
118.0 nan nan
119.0 nan nan
120.0 nan nan
121.0 nan nan
122.0 nan nan
123.0 nan nan
124.0 nan nan
125.0 nan nan
126.0 nan nan
127.0 nan nan
