0.0 0.0 0.0
1.0 3.0253967985 4.11396992636
2.0 2.99638279484 4.05521138291
3.0 6.77863376788 8.13051629658
4.0 7.26681527042 8.51869489568
5.0 11.1880113318 11.545160316
6.0 11.9105617284 12.6967998329
7.0 15.3032852793 14.5086044754
8.0 15.889808269 15.8067733432
9.0 18.7031028106 17.4359805493
10.0 18.5741334371 18.6010806491
11.0 21.3248925152 19.9532507895
12.0 21.7747112555 20.9682405511
13.0 23.9230065834 22.1432021931
14.0 24.4934035405 23.1047833682
15.0 26.0176193042 24.9875251769
16.0 26.3993343158 25.3339113927
17.0 28.6193282428 26.8205201472
18.0 29.144778192 27.6324083574
19.0 30.0148679254 28.2350302771
20.0 30.5766368921 29.1874011848
21.0 31.6047534084 29.8889460594
22.0 31.1544252733 30.6359828247
23.0 32.400615017 31.4988978385
24.0 32.6079765976 32.0427531887
25.0 33.123217715 32.9226123941
26.0 35.3060187327 34.0295207487
27.0 33.9680243031 34.3911378318
28.0 35.108099627 35.2250182656
29.0 34.8650465289 36.2629235624
30.0 34.917778886 36.9117163971
31.0 35.7083369713 37.2362807914
32.0 nan nan
33.0 nan nan
34.0 nan nan
35.0 nan nan
36.0 nan nan
37.0 nan nan
38.0 nan nan
39.0 nan nan
40.0 nan nan
41.0 nan nan
42.0 nan nan
43.0 nan nan
44.0 nan nan
45.0 nan nan
46.0 nan nan
47.0 nan nan
48.0 nan nan
49.0 nan nan
50.0 nan nan
51.0 nan nan
52.0 nan nan
53.0 nan nan
54.0 nan nan
55.0 nan nan
56.0 nan nan
57.0 nan nan
58.0 nan nan
59.0 nan nan
60.0 nan nan
61.0 nan nan
62.0 nan nan
63.0 nan nan
