0.0 0.0 0.0
1.0 1.1759642214406412 3.6178574378773827
2.0 3.5823803110827392 3.5812149137192972
3.0 5.911232532565836 8.235594168845072
4.0 8.284052236627788 8.447601663088259
5.0 10.75128598996798 11.322631686318134
6.0 12.851974164831567 12.554885129789051
7.0 14.547920523571971 14.383574793308052
8.0 16.953894470928123 15.610247798167489
9.0 18.539025572429136 17.459596779998257
10.0 19.873123065169874 18.135770640781605
11.0 21.78791367119118 19.748449349988746
12.0 22.921680204995944 20.503428222069964
13.0 24.42446764579658 21.563186582476845
14.0 25.43246888207025 22.49273449598218
15.0 27.58803665601239 23.904077290501448
16.0 27.719890971295598 25.260553289774503
17.0 29.785406847171288 26.14495979198484
18.0 30.858857195579102 27.163588704814874
19.0 31.208164787312477 28.032861785813612
20.0 32.129181469243974 28.457102631767537
21.0 33.18427275636834 29.325882098920566
22.0 32.666119757670685 30.77498863262804
23.0 34.21568042645523 31.34804136239724
24.0 34.6441529618546 31.909385518097388
25.0 34.81313852138853 32.809277122477596
26.0 36.94588736891562 33.79134591064219
27.0 37.03011847241376 33.302602870964
28.0 36.62162645996086 34.86452572880023
29.0 37.262965403053 35.60986397419502
30.0 37.59176251720691 36.710995540002486
31.0 38.07177549500162 37.38517424743216
32.0 nan nan
33.0 nan nan
34.0 nan nan
35.0 nan nan
36.0 nan nan
37.0 nan nan
38.0 nan nan
39.0 nan nan
40.0 nan nan
41.0 nan nan
42.0 nan nan
43.0 nan nan
44.0 nan nan
45.0 nan nan
46.0 nan nan
47.0 nan nan
48.0 nan nan
49.0 nan nan
50.0 nan nan
51.0 nan nan
52.0 nan nan
53.0 nan nan
54.0 nan nan
55.0 nan nan
56.0 nan nan
57.0 nan nan
58.0 nan nan
59.0 nan nan
60.0 nan nan
61.0 nan nan
62.0 nan nan
63.0 nan nan
