0.0 0.0 0.0
1.0 3.09460427172 4.17911530768
2.0 3.07015344765 4.09740509081
3.0 6.88963743021 7.90155767465
4.0 7.25749513657 8.69724405245
5.0 11.2007713855 11.6044666632
6.0 12.1264220441 12.4256922842
7.0 15.223796534 14.2842599053
8.0 15.6545231123 15.7287186235
9.0 19.1586290782 17.0310724392
10.0 18.4482892657 18.7394244932
11.0 21.2345848568 20.0708641928
12.0 22.0748695284 21.0712303465
13.0 23.8524227077 22.4465139345
14.0 24.17560976 23.24593018
15.0 26.5151654656 24.8826675965
16.0 27.0449772408 25.4824789763
17.0 28.0672652861 26.8679282267
18.0 28.4186131559 27.7671162531
19.0 29.5058333787 28.4164640395
20.0 29.8894265032 29.0736448639
21.0 31.1309629589 30.4713578384
22.0 31.9067980151 30.6664011471
23.0 32.2757135376 32.122670542
24.0 31.8396418867 33.1415702839
25.0 33.1172470628 32.9905123989
26.0 34.2175453361 33.9350571588
27.0 33.8388249327 35.9584912903
28.0 35.1182061133 36.0814128888
29.0 35.4598541731 35.3407190175
30.0 35.5943382976 36.7566863637
31.0 36.3930776402 37.9060628719
32.0 nan nan
33.0 nan nan
34.0 nan nan
35.0 nan nan
36.0 nan nan
37.0 nan nan
38.0 nan nan
39.0 nan nan
40.0 nan nan
41.0 nan nan
42.0 nan nan
43.0 nan nan
44.0 nan nan
45.0 nan nan
46.0 nan nan
47.0 nan nan
48.0 nan nan
49.0 nan nan
50.0 nan nan
51.0 nan nan
52.0 nan nan
53.0 nan nan
54.0 nan nan
55.0 nan nan
56.0 nan nan
57.0 nan nan
58.0 nan nan
59.0 nan nan
60.0 nan nan
61.0 nan nan
62.0 nan nan
63.0 nan nan
