0.0 0.0 0.0
1.0 0.145810173167 0.145699770296
2.0 0.150156424866 0.149166799354
3.0 0.181029728605 0.414327600551
4.0 0.207357102744 0.408769254924
5.0 0.305420374287 0.587994857974
6.0 0.341559226264 0.621295601088
7.0 0.403562896929 0.773120091662
8.0 0.41137986005 0.795238504264
9.0 0.494103302981 0.946591866784
10.0 0.542906822617 0.956683265915
11.0 0.584364939298 1.09804738449
12.0 0.622317845924 1.12047494467
13.0 0.68232929033 1.180271043
14.0 0.70089587518 1.26028156149
15.0 0.770003763004 1.30374648404
16.0 0.79245050262 1.35512829114
17.0 0.840302479482 1.46933868022
18.0 0.89056496638 1.51347652296
19.0 0.921283745044 1.5593451729
20.0 0.938976207918 1.60547823599
21.0 0.997666387891 1.70416861919
22.0 1.02312536764 1.7336913503
23.0 1.08104963091 1.81673702684
24.0 1.09635608065 1.83235205218
25.0 1.13622630579 1.91317766975
26.0 1.15994272591 1.94947904608
27.0 1.19343495449 1.98528254803
28.0 1.22532158707 2.04468542855
29.0 1.25899812069 2.0444019114
30.0 1.31619893884 2.06585521723
31.0 1.37308096107 2.21136084774
32.0 1.39494913326 2.1496045717
33.0 1.40400982306 2.28670715969
34.0 1.4506641662 2.26950271674
35.0 1.48905069245 2.28327740889
36.0 1.49797713464 2.37740036903
37.0 1.53385627215 2.36197118823
38.0 1.56126590762 2.46489850193
39.0 1.60028334274 2.46767745325
40.0 1.62496387527 2.44869986041
41.0 1.6764707644 2.50164296067
42.0 1.68124247719 2.53453872176
43.0 1.68787227684 2.54633916419
44.0 1.73927805761 2.65846354404
45.0 1.80888209207 2.70512249849
46.0 1.82543274233 2.69810760278
47.0 1.83693051066 2.68559714794
48.0 1.81782867865 2.76523579847
49.0 1.8893338167 2.76720257353
50.0 1.93818326658 2.83763292239
51.0 1.93012687877 2.86430431078
52.0 1.93938349708 2.8280804238
53.0 2.07736120228 2.90295210256
54.0 2.04560740613 2.95664114355
55.0 2.09960259163 3.05124675765
56.0 2.0981124764 2.9635547456
57.0 2.22570088006 3.0091089334
58.0 2.20097600598 3.07017742774
59.0 2.1969415321 3.11858470412
60.0 2.24569593565 3.09230134931
61.0 2.29995206335 3.18334909623
62.0 2.24536180424 3.23430533011
63.0 2.26494260919 3.12735098471
64.0 2.34895698617 3.22914703671
65.0 2.32031243253 3.27504601493
66.0 2.38763707248 3.32229285351
67.0 2.33841576174 3.34109812966
68.0 2.42952432825 3.33289084894
69.0 2.41402406915 3.43439311493
70.0 2.43512162524 3.40800037305
71.0 2.54335469835 3.48896015837
72.0 2.45559781011 3.45224080136
73.0 2.552761002 3.3996125181
74.0 2.61293299056 3.64990832895
75.0 2.52065598826 3.59696816232
76.0 2.68019494145 3.6269031104
77.0 2.66775558587 3.6810955429
78.0 2.64991428267 3.66957123015
79.0 2.68247942921 3.61297020494
80.0 2.67709857052 3.71606726415
81.0 2.72394419431 3.75259215951
82.0 2.70501520792 3.7808691146
83.0 2.80857451824 3.79256905444
84.0 2.71335760623 3.83984572322
85.0 2.87121687664 3.85223489621
86.0 2.79988780279 3.78746914637
87.0 2.83582127419 3.84315397557
88.0 2.84888338995 3.89030402084
89.0 2.79219004718 3.82077045102
90.0 2.93537245787 3.92083966274
91.0 2.91949224934 3.97589561363
92.0 2.93588344477 3.95274014518
93.0 3.07692473309 3.93208176741
94.0 2.98411671785 4.08690665044
95.0 3.01384186151 4.08991639735
96.0 3.10062674799 4.06783119785
97.0 2.98954078599 4.05619737843
98.0 3.05313628264 4.12027832877
99.0 3.03872871465 4.11504245495
100.0 3.14584274539 4.24092012147
101.0 3.05696910383 4.22324192525
102.0 3.07779762353 4.1071513821
103.0 3.2080265047 4.30885138436
104.0 3.18492261837 4.339813379
105.0 3.07776813339 4.35422161474
106.0 3.25970424079 4.35698340808
107.0 3.19947331948 4.24211878149
108.0 3.23516752842 4.33591292874
109.0 3.25393157235 4.38621481502
110.0 3.24460418311 4.31826599063
111.0 3.32633138053 4.46466024339
112.0 3.32227905887 4.41048709357
113.0 3.29167331248 4.33167210135
114.0 3.36375095547 4.406194874
115.0 3.40820374136 4.48551267193
116.0 3.33737968674 4.51395548822
117.0 3.34893287708 4.42844578903
118.0 3.42829001493 4.41143709976
119.0 3.40232401054 4.60431389427
120.0 3.35424460926 4.57665874608
121.0 3.44039162516 4.55897408525
122.0 3.4229027616 4.58114049535
123.0 3.48815938461 4.60685523809
124.0 3.50929734585 4.55815778296
125.0 3.42122261447 4.62579430713
126.0 3.49321591963 4.65955090981
127.0 3.46546921082 4.70719437947
128.0 nan nan
129.0 nan nan
130.0 nan nan
131.0 nan nan
132.0 nan nan
133.0 nan nan
134.0 nan nan
135.0 nan nan
136.0 nan nan
137.0 nan nan
138.0 nan nan
139.0 nan nan
140.0 nan nan
141.0 nan nan
142.0 nan nan
143.0 nan nan
144.0 nan nan
145.0 nan nan
146.0 nan nan
147.0 nan nan
148.0 nan nan
149.0 nan nan
150.0 nan nan
151.0 nan nan
152.0 nan nan
153.0 nan nan
154.0 nan nan
155.0 nan nan
156.0 nan nan
157.0 nan nan
158.0 nan nan
159.0 nan nan
160.0 nan nan
161.0 nan nan
162.0 nan nan
163.0 nan nan
164.0 nan nan
165.0 nan nan
166.0 nan nan
167.0 nan nan
168.0 nan nan
169.0 nan nan
170.0 nan nan
171.0 nan nan
172.0 nan nan
173.0 nan nan
174.0 nan nan
175.0 nan nan
176.0 nan nan
177.0 nan nan
178.0 nan nan
179.0 nan nan
180.0 nan nan
181.0 nan nan
182.0 nan nan
183.0 nan nan
184.0 nan nan
185.0 nan nan
186.0 nan nan
187.0 nan nan
188.0 nan nan
189.0 nan nan
190.0 nan nan
191.0 nan nan
192.0 nan nan
193.0 nan nan
194.0 nan nan
195.0 nan nan
196.0 nan nan
197.0 nan nan
198.0 nan nan
199.0 nan nan
200.0 nan nan
201.0 nan nan
202.0 nan nan
203.0 nan nan
204.0 nan nan
205.0 nan nan
206.0 nan nan
207.0 nan nan
208.0 nan nan
209.0 nan nan
210.0 nan nan
211.0 nan nan
212.0 nan nan
213.0 nan nan
214.0 nan nan
215.0 nan nan
216.0 nan nan
217.0 nan nan
218.0 nan nan
219.0 nan nan
220.0 nan nan
221.0 nan nan
222.0 nan nan
223.0 nan nan
224.0 nan nan
225.0 nan nan
226.0 nan nan
227.0 nan nan
228.0 nan nan
229.0 nan nan
230.0 nan nan
231.0 nan nan
232.0 nan nan
233.0 nan nan
234.0 nan nan
235.0 nan nan
236.0 nan nan
237.0 nan nan
238.0 nan nan
239.0 nan nan
240.0 nan nan
241.0 nan nan
242.0 nan nan
243.0 nan nan
244.0 nan nan
245.0 nan nan
246.0 nan nan
247.0 nan nan
248.0 nan nan
249.0 nan nan
250.0 nan nan
251.0 nan nan
252.0 nan nan
253.0 nan nan
254.0 nan nan
255.0 nan nan
