0.0 0.0 0.0
1.0 0.0471172202275 0.154967727721
2.0 0.0469914589364 0.155154631751
3.0 0.0700709032817 0.417890775542
4.0 0.0633812784591 0.439155380097
5.0 0.0960464126902 0.645586855127
6.0 0.109872199489 0.692859587791
7.0 0.145965085271 0.833524958681
8.0 0.151893429249 0.861595764509
9.0 0.201325935606 1.02584951664
10.0 0.20575802116 1.03954604721
11.0 0.240386627253 1.17454715673
12.0 0.26467293865 1.21799780218
13.0 0.292889217709 1.32700320927
14.0 0.313411677702 1.34736255238
15.0 0.351742892371 1.46738841332
16.0 0.381109735983 1.49711138928
17.0 0.417388252009 1.59546016307
18.0 0.428625736467 1.64202635937
19.0 0.465649103426 1.76583821809
20.0 0.495430293709 1.76528737145
21.0 0.533623761239 1.83655138029
22.0 0.548488811185 1.91567875273
23.0 0.60713359372 1.96736906489
24.0 0.604180305208 2.00836927325
25.0 0.642513387137 2.08229849195
26.0 0.680325692609 2.08265970263
27.0 0.712102859386 2.10679843541
28.0 0.71694589182 2.2201073825
29.0 0.758963976547 2.24178448455
30.0 0.815409067445 2.25059341086
31.0 0.826380157139 2.3947148688
32.0 0.857043451324 2.38902466676
33.0 0.906405946827 2.49993232448
34.0 0.928346376869 2.41561114029
35.0 0.937917948026 2.51038169646
36.0 0.988711580948 2.5545053879
37.0 0.989252847083 2.56708347913
38.0 1.0328927546 2.59381604988
39.0 1.0668851546 2.73607028603
40.0 1.11239911083 2.73242450194
41.0 1.11056412706 2.80944690488
42.0 1.14360934545 2.87533403574
43.0 1.14998922252 2.85066957894
44.0 1.17824844842 2.87843241821
45.0 1.24924262667 3.02665021653
46.0 1.25385393812 2.90566956505
47.0 1.33319528104 2.96492107942
48.0 1.30867451353 2.95645824642
49.0 1.36918825446 2.97250371149
50.0 1.3805922088 3.12444991507
51.0 1.4026213532 3.14125482053
52.0 1.44065111164 3.07661742016
53.0 1.47679850966 3.19046405365
54.0 1.48995964892 3.27388496461
55.0 1.56182121906 3.22844442269
56.0 1.53303087452 3.2375721438
57.0 1.60005238725 3.29744536733
58.0 1.58908309265 3.28054546554
59.0 1.59145311888 3.3911075115
60.0 1.72152232492 3.40517549572
61.0 1.70610304995 3.45194696233
62.0 1.69385008168 3.501309294
63.0 1.71389357781 3.44746230395
64.0 1.76484581714 3.57940996741
65.0 1.7621876955 3.53531750377
66.0 1.85424953388 3.64292094684
67.0 1.87279679832 3.61298569745
68.0 1.87722180712 3.67916716619
69.0 1.85792498608 3.68392646413
70.0 1.92797621376 3.73940245526
71.0 1.97088105196 3.79219993208
72.0 1.93394397352 3.79490999071
73.0 2.0125966525 3.7017059226
74.0 2.02075839565 3.95188301917
75.0 1.99232204375 3.96695120515
76.0 2.07899043041 3.9759693191
77.0 2.10936552978 3.95290184985
78.0 2.0974707091 3.92997318771
79.0 2.1811583197 3.92077093709
80.0 2.10031076765 3.97848737546
81.0 2.18644756813 4.09411008573
82.0 2.22263604682 4.06573390793
83.0 2.25843939753 4.10688576105
84.0 2.18110256815 4.11837372349
85.0 2.35266984572 4.15469708838
86.0 2.22527382942 4.11089497242
87.0 2.37475799515 4.119126282
88.0 2.34712041834 4.18907834653
89.0 2.38650326629 4.11274838801
90.0 2.37182786169 4.19113471575
91.0 2.47586871186 4.28600127684
92.0 2.46445735301 4.24437796414
93.0 2.47018155603 4.3161413522
94.0 2.49283954258 4.37091452794
95.0 2.49445972751 4.36941890656
96.0 2.53187200658 4.37615431763
97.0 2.54147639192 4.25430610014
98.0 2.50599036932 4.40862790163
99.0 2.57904992266 4.40814330871
100.0 2.61507002009 4.38449169526
101.0 2.5739836357 4.47549599237
102.0 2.64348839468 4.30478504769
103.0 2.59417670218 4.43721284888
104.0 2.7124001925 4.40916203731
105.0 2.6490278878 4.44793443737
106.0 2.68647076253 4.52603988882
107.0 2.77365384288 4.47542495878
108.0 2.73781328403 4.45933177539
109.0 2.70939043297 4.58983721062
110.0 2.75476528267 4.48746542907
111.0 2.91684964599 4.6140888668
112.0 2.81676981615 4.5382643968
113.0 2.81493578307 4.42050478664
114.0 2.84149400026 4.61083548124
115.0 2.85798970349 4.60527003139
116.0 2.93357886651 4.59196968777
117.0 2.86291468464 4.51306974457
118.0 2.95255687601 4.56708625444
119.0 2.93474931164 4.6649731901
120.0 2.88527264589 4.67852880467
121.0 3.04764652168 4.64986406616
122.0 2.94712618729 4.64258448678
123.0 3.0584903966 4.74501792669
124.0 2.99770765732 4.58176934127
125.0 3.06026982162 4.75048847811
126.0 3.11776599214 4.70599916302
127.0 3.05751249277 4.68808542563
128.0 nan nan
129.0 nan nan
130.0 nan nan
131.0 nan nan
132.0 nan nan
133.0 nan nan
134.0 nan nan
135.0 nan nan
136.0 nan nan
137.0 nan nan
138.0 nan nan
139.0 nan nan
140.0 nan nan
141.0 nan nan
142.0 nan nan
143.0 nan nan
144.0 nan nan
145.0 nan nan
146.0 nan nan
147.0 nan nan
148.0 nan nan
149.0 nan nan
150.0 nan nan
151.0 nan nan
152.0 nan nan
153.0 nan nan
154.0 nan nan
155.0 nan nan
156.0 nan nan
157.0 nan nan
158.0 nan nan
159.0 nan nan
160.0 nan nan
161.0 nan nan
162.0 nan nan
163.0 nan nan
164.0 nan nan
165.0 nan nan
166.0 nan nan
167.0 nan nan
168.0 nan nan
169.0 nan nan
170.0 nan nan
171.0 nan nan
172.0 nan nan
173.0 nan nan
174.0 nan nan
175.0 nan nan
176.0 nan nan
177.0 nan nan
178.0 nan nan
179.0 nan nan
180.0 nan nan
181.0 nan nan
182.0 nan nan
183.0 nan nan
184.0 nan nan
185.0 nan nan
186.0 nan nan
187.0 nan nan
188.0 nan nan
189.0 nan nan
190.0 nan nan
191.0 nan nan
192.0 nan nan
193.0 nan nan
194.0 nan nan
195.0 nan nan
196.0 nan nan
197.0 nan nan
198.0 nan nan
199.0 nan nan
200.0 nan nan
201.0 nan nan
202.0 nan nan
203.0 nan nan
204.0 nan nan
205.0 nan nan
206.0 nan nan
207.0 nan nan
208.0 nan nan
209.0 nan nan
210.0 nan nan
211.0 nan nan
212.0 nan nan
213.0 nan nan
214.0 nan nan
215.0 nan nan
216.0 nan nan
217.0 nan nan
218.0 nan nan
219.0 nan nan
220.0 nan nan
221.0 nan nan
222.0 nan nan
223.0 nan nan
224.0 nan nan
225.0 nan nan
226.0 nan nan
227.0 nan nan
228.0 nan nan
229.0 nan nan
230.0 nan nan
231.0 nan nan
232.0 nan nan
233.0 nan nan
234.0 nan nan
235.0 nan nan
236.0 nan nan
237.0 nan nan
238.0 nan nan
239.0 nan nan
240.0 nan nan
241.0 nan nan
242.0 nan nan
243.0 nan nan
244.0 nan nan
245.0 nan nan
246.0 nan nan
247.0 nan nan
248.0 nan nan
249.0 nan nan
250.0 nan nan
251.0 nan nan
252.0 nan nan
253.0 nan nan
254.0 nan nan
255.0 nan nan
