0.0 0.0 0.0
1.0 0.00559329524312 0.144038915964
2.0 0.0215191169701 0.299553991686
3.0 0.044215974705 0.411739936384
4.0 0.070719322651 0.519663054523
5.0 0.0989575424177 0.612651362832
6.0 0.131785823027 0.715872419931
7.0 0.168712177131 0.805724855264
8.0 0.200354591526 0.90286855454
9.0 0.224007959418 0.998186976768
10.0 0.262298890485 1.06264631024
11.0 0.294114147577 1.16547105068
12.0 0.3264987805 1.21451378966
13.0 0.360046174343 1.25405853284
14.0 0.390259960484 1.34098859631
15.0 0.42492551154 1.37698100657
16.0 0.462153584162 1.47530608034
17.0 0.491661650456 1.53794800437
18.0 0.506349583513 1.61732573275
19.0 0.567369356863 1.62995212678
20.0 0.594435966595 1.70974678286
21.0 0.618138300266 1.78658631307
22.0 0.659662697215 1.85066206403
23.0 0.71209756055 1.90669111726
24.0 0.706656174887 1.95426445398
25.0 0.722233646015 2.02727092078
26.0 0.781951183687 2.07529275302
27.0 0.808109724214 2.08894354234
28.0 0.825037966275 2.14016693528
29.0 0.874564669256 2.16735246497
30.0 0.898396380599 2.20436953792
31.0 0.939482071433 2.34413031734
32.0 0.965498841854 2.3201383758
33.0 0.969837891139 2.39995556055
34.0 1.02814602025 2.44108776687
35.0 1.04463526988 2.45713691611
36.0 1.06375070056 2.56663634859
37.0 1.11925442071 2.49397108792
38.0 1.14816940223 2.6319212012
39.0 1.18711060602 2.63990258224
40.0 1.18625028475 2.63564703655
41.0 1.24047405326 2.70008435708
42.0 1.27992760312 2.73551055519
43.0 1.26030407378 2.73559603246
44.0 1.3042643856 2.85257597373
45.0 1.34814834989 2.94028110919
46.0 1.38601332053 2.88074512225
47.0 1.38658403065 2.89328301854
48.0 1.44457708964 2.97690828001
49.0 1.45915702227 2.93218346459
50.0 1.49135111408 3.02363563787
51.0 1.51932583517 3.07545887441
52.0 1.5407670957 3.03069697998
53.0 1.58167367263 3.11713238455
54.0 1.58686955512 3.20875827104
55.0 1.6719312688 3.28226041369
56.0 1.65576990867 3.17806263882
57.0 1.71867986068 3.26045721223
58.0 1.68329599808 3.31494895209
59.0 1.73225558999 3.35884008658
60.0 1.7300775343 3.31753751527
61.0 1.81797033112 3.43868707405
62.0 1.80049631273 3.48616856288
63.0 1.80578661921 3.40263773308
64.0 1.83682998109 3.51250452796
65.0 1.87242022545 3.55824622438
66.0 1.90084162543 3.53744494109
67.0 1.97922096739 3.53656317855
68.0 1.96522077165 3.59976862581
69.0 2.0023674196 3.66862499816
70.0 1.97905188706 3.64967338239
71.0 2.03952439305 3.77040996179
72.0 2.0170717874 3.7785510359
73.0 2.04225619993 3.68952611176
74.0 2.14827631917 3.92434404291
75.0 2.08516044965 3.89211634142
76.0 2.13246705437 3.93050734204
77.0 2.21682412925 3.90031415572
78.0 2.16694053575 3.91623793462
79.0 2.20656366122 3.865457224
80.0 2.1864641053 3.9577206858
81.0 2.26003273372 4.02570101398
82.0 2.29742681408 4.07901008855
83.0 2.31415889798 4.02967372233
84.0 2.29624834266 4.12196698643
85.0 2.36965805647 4.09864870135
86.0 2.28228992808 4.03520846072
87.0 2.39576387696 4.109063276
88.0 2.38329330226 4.10355929008
89.0 2.41554817718 4.07293803884
90.0 2.43120305678 4.14964162678
91.0 2.48210635678 4.20139365826
92.0 2.51597325518 4.18982599551
93.0 2.56869497584 4.11572261772
94.0 2.52704498254 4.31699448335
95.0 2.50793280135 4.27676115391
96.0 2.57080555636 4.27803718061
97.0 2.59533334803 4.22313855533
98.0 2.56611197054 4.3196965298
99.0 2.59344986912 4.3285506971
100.0 2.61457122311 4.43496051057
101.0 2.53586378084 4.40447250065
102.0 2.61566688934 4.27464044471
103.0 2.60122254755 4.47624762629
104.0 2.65810568371 4.50191472569
105.0 2.64541814678 4.49158307191
106.0 2.69372621591 4.52346311243
107.0 2.73744558754 4.43414534081
108.0 2.66264211591 4.49709045112
109.0 2.76522588528 4.43194259725
110.0 2.69801348033 4.48232980297
111.0 2.77934446597 4.53160191493
112.0 2.87377867091 4.46252798504
113.0 2.78325252565 4.45891232198
114.0 2.74115861243 4.49013273849
115.0 2.85910546752 4.49777690441
116.0 2.87369511926 4.57764553537
117.0 2.86141324271 4.5065925634
118.0 2.86200633871 4.54070043216
119.0 2.93477596721 4.63137003767
120.0 2.87573983624 4.7080790551
121.0 2.88759162434 4.65762410954
122.0 2.84939785879 4.68862855552
123.0 2.93659728638 4.58878829524
124.0 2.96925081475 4.6267005349
125.0 2.99626535914 4.62201185227
126.0 3.02729066532 4.74102753255
127.0 3.05217848767 4.62267056739
128.0 nan nan
129.0 nan nan
130.0 nan nan
131.0 nan nan
132.0 nan nan
133.0 nan nan
134.0 nan nan
135.0 nan nan
136.0 nan nan
137.0 nan nan
138.0 nan nan
139.0 nan nan
140.0 nan nan
141.0 nan nan
142.0 nan nan
143.0 nan nan
144.0 nan nan
145.0 nan nan
146.0 nan nan
147.0 nan nan
148.0 nan nan
149.0 nan nan
150.0 nan nan
151.0 nan nan
152.0 nan nan
153.0 nan nan
154.0 nan nan
155.0 nan nan
156.0 nan nan
157.0 nan nan
158.0 nan nan
159.0 nan nan
160.0 nan nan
161.0 nan nan
162.0 nan nan
163.0 nan nan
164.0 nan nan
165.0 nan nan
166.0 nan nan
167.0 nan nan
168.0 nan nan
169.0 nan nan
170.0 nan nan
171.0 nan nan
172.0 nan nan
173.0 nan nan
174.0 nan nan
175.0 nan nan
176.0 nan nan
177.0 nan nan
178.0 nan nan
179.0 nan nan
180.0 nan nan
181.0 nan nan
182.0 nan nan
183.0 nan nan
184.0 nan nan
185.0 nan nan
186.0 nan nan
187.0 nan nan
188.0 nan nan
189.0 nan nan
190.0 nan nan
191.0 nan nan
192.0 nan nan
193.0 nan nan
194.0 nan nan
195.0 nan nan
196.0 nan nan
197.0 nan nan
198.0 nan nan
199.0 nan nan
200.0 nan nan
201.0 nan nan
202.0 nan nan
203.0 nan nan
204.0 nan nan
205.0 nan nan
206.0 nan nan
207.0 nan nan
208.0 nan nan
209.0 nan nan
210.0 nan nan
211.0 nan nan
212.0 nan nan
213.0 nan nan
214.0 nan nan
215.0 nan nan
216.0 nan nan
217.0 nan nan
218.0 nan nan
219.0 nan nan
220.0 nan nan
221.0 nan nan
222.0 nan nan
223.0 nan nan
224.0 nan nan
225.0 nan nan
226.0 nan nan
227.0 nan nan
228.0 nan nan
229.0 nan nan
230.0 nan nan
231.0 nan nan
232.0 nan nan
233.0 nan nan
234.0 nan nan
235.0 nan nan
236.0 nan nan
237.0 nan nan
238.0 nan nan
239.0 nan nan
240.0 nan nan
241.0 nan nan
242.0 nan nan
243.0 nan nan
244.0 nan nan
245.0 nan nan
246.0 nan nan
247.0 nan nan
248.0 nan nan
249.0 nan nan
250.0 nan nan
251.0 nan nan
252.0 nan nan
253.0 nan nan
254.0 nan nan
255.0 nan nan
