0.0 1717469685335.724
1.0 638916227702.0026
2.0 244284227256.95282
3.0 208073313286.76303
4.0 133571832303.93718
5.0 89671808918.88802
6.0 80361711200.02287
7.0 64665952564.886055
8.0 53741073322.46563
9.0 49506570883.086296
10.0 36969277534.566864
11.0 31085654924.15026
12.0 26310431145.545963
13.0 23753751111.110477
14.0 19688568948.899673
15.0 18020638381.32354
16.0 16593947119.026386
17.0 14845188588.261883
18.0 12991405170.303553
19.0 12054133792.99328
20.0 11104834731.701294
21.0 10059707538.672365
22.0 9396808247.965845
23.0 8889627146.612547
24.0 7681439004.939909
25.0 7160264467.4550295
26.0 6941241970.298693
27.0 6602940989.588755
28.0 6414101943.84916
29.0 5827474805.834292
30.0 5488538542.230144
31.0 5016044263.0110235
32.0 4686457491.62879
33.0 4523913236.8054495
34.0 4307115720.446297
35.0 3989254568.158964
36.0 3832482402.6227784
37.0 3660971539.7293587
38.0 3556577767.376624
39.0 3283920935.108086
40.0 3257349592.330911
41.0 3079504442.073794
42.0 2907441756.0345
43.0 2968218228.11521
44.0 2736953564.327444
45.0 2594925806.986736
46.0 2501411349.0361147
47.0 2444520162.635499
48.0 2304293264.972727
49.0 2222009629.7563186
50.0 2111280251.1456409
51.0 2049219108.804119
52.0 2075981045.9381173
53.0 1954645301.26093
54.0 1943350829.7642343
55.0 1835453737.959889
56.0 1755887009.575906
57.0 1675665195.771769
58.0 1675520547.215713
59.0 1599128628.2710295
60.0 1580554427.5700207
61.0 1512437260.045827
62.0 1459896596.483367
63.0 1416929230.7343454
64.0 1403843751.1225765
65.0 1331681024.113383
66.0 1306541885.4366212
67.0 1275606671.8605738
68.0 1229380647.191115
69.0 1206867360.0501692
70.0 1126625433.8071659
71.0 1125703633.8531375
72.0 1105917014.9188476
73.0 1038982080.8413595
74.0 1017250313.1181178
75.0 1051595124.5680145
76.0 1023902182.2589824
77.0 959209199.1796733
78.0 929890127.4318997
79.0 913521159.3316219
80.0 898582750.3159322
81.0 859425920.9222553
82.0 848525493.493737
83.0 839486120.8684038
84.0 809034902.931995
85.0 798369907.2668438
86.0 772342817.813972
87.0 775288287.6246191
88.0 736677234.9567516
89.0 745120558.009049
90.0 738883942.0398587
91.0 716849877.8872397
92.0 689907620.9594848
93.0 671964043.9129711
94.0 662121964.004845
95.0 650875497.378594
96.0 644441970.0240045
97.0 653067537.4388018
98.0 620054178.7576885
99.0 600137846.892407
100.0 586840970.8887774
101.0 593271802.6840035
102.0 553447223.7397641
103.0 546228995.8131126
104.0 554878531.949993
105.0 526562490.43701535
106.0 522330532.8186321
107.0 513077392.86412895
108.0 513925415.93414664
109.0 504860943.8032653
110.0 492181117.29593205
111.0 494354118.3799464
112.0 491612909.5680104
113.0 462703919.7082477
114.0 459134866.92346525
115.0 469136119.35464936
116.0 451352336.5589784
117.0 442168192.2926758
118.0 421495522.34512556
119.0 413041445.0217854
120.0 410584154.0645859
121.0 404905336.32544947
122.0 410716525.1675309
123.0 402737749.02662474
124.0 379110980.9991262
125.0 378797949.70345926
126.0 392643881.3586522
127.0 378677201.88568234
128.0 364535462.5896505
129.0 371635587.0793636
130.0 365021585.556497
131.0 356443323.9866125
132.0 344041864.52035594
133.0 337617208.26138055
134.0 338520323.0255274
135.0 334149732.1390275
136.0 330184998.0119821
137.0 326834599.4421501
138.0 324408437.9248153
139.0 326999806.3881919
140.0 313501435.5388327
141.0 305203914.9442141
142.0 310386614.9895876
143.0 306985695.029388
144.0 298376332.8648399
145.0 297627325.07112896
146.0 292767262.7134146
147.0 298913469.3581865
148.0 282305437.14874595
149.0 280438828.74706966
150.0 272184554.5072958
151.0 270453284.851305
152.0 273597284.69872355
153.0 266837424.02882504
154.0 271549730.152135
155.0 267472821.9792003
156.0 258974843.8993883
157.0 254410215.31076095
158.0 246204087.66485316
159.0 249522522.14322543
160.0 253849097.33708674
161.0 253937592.21102244
162.0 237810437.31061617
163.0 242845531.26721224
164.0 233126330.63216436
165.0 232131822.3966195
166.0 232109188.1463227
167.0 226513997.01077375
168.0 230350594.61725008
169.0 230565965.15332955
170.0 226773060.97493324
171.0 228857274.5478093
172.0 214755879.9748336
173.0 218983928.3325819
174.0 222533329.39599743
175.0 215576596.06043115
176.0 211822036.0835678
177.0 207470051.73030648
178.0 205162011.81380802
179.0 203994749.27903557
180.0 203460418.49468735
181.0 203786653.96141133
182.0 201477545.90272596
183.0 200742514.38956472
184.0 197167367.00713944
185.0 192010344.64956295
186.0 189702367.1666891
187.0 185305528.22755456
188.0 193805581.61319995
189.0 194672501.26387098
190.0 186355420.86532336
191.0 184762714.00281376
192.0 188646953.06941602
193.0 194680674.50913215
194.0 190436470.58374277
195.0 185406901.27337873
196.0 187517190.1847862
197.0 183693495.0858991
198.0 179727428.65677854
199.0 173163696.74344963
200.0 172293359.29222342
201.0 174803264.6193439
202.0 177232170.73353136
203.0 171735376.51659757
204.0 170819122.0199418
205.0 171557506.89786905
206.0 174679323.01789248
207.0 172146615.53881872
208.0 165094782.78493264
209.0 160196518.16190135
210.0 163722288.86360434
211.0 171412333.93870497
212.0 167526749.59917173
213.0 161363759.175444
214.0 165738409.04047725
215.0 164362117.8697947
216.0 165855426.06013513
217.0 164734131.94723144
218.0 164556330.65197033
219.0 160528724.09745204
220.0 158261777.48521042
221.0 156134319.97877795
222.0 153758011.19203413
223.0 166082605.57304987
224.0 155178158.84496292
225.0 150721289.27046275
226.0 152570415.20868537
227.0 153421848.9016221
228.0 152998962.9690936
229.0 154003969.89919707
230.0 150529255.45140436
231.0 150887153.19004744
232.0 150696094.26712278
233.0 151407435.1546196
234.0 152432232.61218688
235.0 152734855.7352489
236.0 150238349.21201888
237.0 156469614.3857586
238.0 150321100.8866664
239.0 150540427.49253118
240.0 147223058.37197992
241.0 149965811.73860914
242.0 148331566.04636583
243.0 147853624.74822414
244.0 147365698.98492384
245.0 151534416.4744442
246.0 153610088.46897012
247.0 148140824.3254956
248.0 142088550.04687577
249.0 149936562.96900943
250.0 153197691.6871055
251.0 153927225.85664806
252.0 149273256.19843844
253.0 147671975.60679358
254.0 144950847.56034544
255.0 149573857.74312103
