0.0 0.0 0.0
1.0 0.514313023322 2.35439046295
2.0 1.67611186171 2.31445736087
3.0 3.03688803352 5.13542027718
4.0 4.21155977938 5.5046964113
5.0 5.40917873599 7.34247923968
6.0 6.65784985835 7.76523560464
7.0 8.08108917581 9.28453853188
8.0 8.99092220378 9.99303651784
9.0 10.2665213638 11.2462180644
10.0 11.4059869849 11.5525771541
11.0 12.3158022139 12.7444402296
12.0 13.6318894241 13.5144135913
13.0 14.4199363257 14.2681291218
14.0 16.0527130834 14.8806688368
15.0 16.3917619163 15.2927348155
16.0 17.8341141431 16.0749479616
17.0 18.0289872196 17.2116159198
18.0 18.9450099049 17.3418610774
19.0 20.0414510728 18.4859361787
20.0 21.0938547988 18.7256596207
21.0 22.4284936126 19.5647814413
22.0 22.5741748872 20.342841957
23.0 23.4965047748 20.5498934767
24.0 23.9548606302 20.8510495579
25.0 24.5423709642 21.5876434815
26.0 25.9378162226 22.1554582649
27.0 26.8987891695 22.8518431564
28.0 26.9860465494 22.820535085
29.0 27.25965847 23.8828286748
30.0 28.6434434096 23.9298300202
31.0 28.8099420781 24.9516369692
32.0 28.9986793081 25.3346415945
33.0 29.6306004017 25.8263962016
34.0 29.9439346846 26.5840953669
35.0 31.1943865406 26.3701004568
36.0 31.3106013824 26.9121607608
37.0 32.2931806938 26.3716428057
38.0 31.6814970292 27.4236876132
39.0 32.335364155 28.3867398356
40.0 32.2857819418 28.0768354657
41.0 33.2888977837 28.8978851572
42.0 34.1831015915 29.0667607572
43.0 33.8192343539 29.3391327751
44.0 34.2989820761 30.6339294524
45.0 35.1584096641 30.3694418748
46.0 34.6434362756 30.595485906
47.0 35.3918495149 31.7764099558
48.0 36.2091812966 32.0760585579
49.0 35.8971788754 32.1782038676
50.0 36.9663050451 31.5980274583
51.0 35.9709929213 33.1917958714
52.0 36.087220313 32.137830231
53.0 37.2842296265 32.544817522
54.0 37.1411043236 33.1447816487
55.0 37.6532659377 33.1235043422
56.0 37.7568073471 33.557792819
57.0 38.5623565809 33.5909912537
58.0 38.588707129 33.3542680089
59.0 38.3973026808 34.2583231793
60.0 39.7522888165 33.8021814132
61.0 38.4735644917 35.6090089737
62.0 38.9403872565 35.1919910622
63.0 39.2548965958 35.2965060912
64.0 nan nan
65.0 nan nan
66.0 nan nan
67.0 nan nan
68.0 nan nan
69.0 nan nan
70.0 nan nan
71.0 nan nan
72.0 nan nan
73.0 nan nan
74.0 nan nan
75.0 nan nan
76.0 nan nan
77.0 nan nan
78.0 nan nan
79.0 nan nan
80.0 nan nan
81.0 nan nan
82.0 nan nan
83.0 nan nan
84.0 nan nan
85.0 nan nan
86.0 nan nan
87.0 nan nan
88.0 nan nan
89.0 nan nan
90.0 nan nan
91.0 nan nan
92.0 nan nan
93.0 nan nan
94.0 nan nan
95.0 nan nan
96.0 nan nan
97.0 nan nan
98.0 nan nan
99.0 nan nan
100.0 nan nan
101.0 nan nan
102.0 nan nan
103.0 nan nan
104.0 nan nan
105.0 nan nan
106.0 nan nan
107.0 nan nan
108.0 nan nan
109.0 nan nan
110.0 nan nan
111.0 nan nan
112.0 nan nan
113.0 nan nan
114.0 nan nan
115.0 nan nan
116.0 nan nan
117.0 nan nan
118.0 nan nan
119.0 nan nan
120.0 nan nan
121.0 nan nan
122.0 nan nan
123.0 nan nan
124.0 nan nan
125.0 nan nan
126.0 nan nan
127.0 nan nan
