0.0 0.0 0.0
1.0 1.81530464207 2.53043474876
2.0 1.83870611846 2.53497108685
3.0 4.04423029248 5.10734411747
4.0 3.97529315209 5.56503809335
5.0 6.39305857551 7.19107018006
6.0 6.93282809379 7.8694200224
7.0 8.89503724786 9.34775269885
8.0 8.9693284921 9.83057858862
9.0 11.3651604425 11.1958905589
10.0 11.6323161494 11.5548445254
11.0 12.6659093749 12.5211772341
12.0 13.920650759 13.8362587739
13.0 15.0730971424 13.9745261271
14.0 16.0089934588 14.9902293668
15.0 17.3248309718 15.4660817022
16.0 18.0033265259 16.3981329914
17.0 18.6621403256 16.9538903349
18.0 19.2615145558 17.2492366007
19.0 20.4937949345 18.412691707
20.0 21.6343230093 19.2154021885
21.0 22.8515524609 19.4284527636
22.0 22.9051517262 20.5946548559
23.0 24.2193450948 20.4077162251
24.0 24.5370276309 20.8625748182
25.0 24.8329914068 21.7421566194
26.0 26.0267505871 22.2912207321
27.0 27.244305319 22.9883306029
28.0 26.9362119458 22.8290668587
29.0 28.0793606024 23.6444914378
30.0 29.4594860106 24.0117194026
31.0 29.3519473857 24.5382281886
32.0 29.8002589298 25.0880545491
33.0 30.4937020491 25.5971083425
34.0 31.202874964 26.2051166158
35.0 31.2796200799 26.8979708789
36.0 31.2466054953 27.1959460775
37.0 32.8143329563 26.3839023585
38.0 32.2022728596 28.0386193958
39.0 33.6538785282 27.7989620812
40.0 33.5807786731 27.7580550884
41.0 34.5617166897 28.5281666372
42.0 34.8970242518 28.9844482212
43.0 35.1419327729 28.8674411163
44.0 35.4015878384 29.9119518898
45.0 35.3951636674 30.1888268256
46.0 35.7486174489 30.5971525211
47.0 37.236622171 31.033407473
48.0 37.5150515642 30.8966604477
49.0 36.6821842876 32.2017756751
50.0 37.7873122731 31.7696382492
51.0 37.5694956622 32.8044817528
52.0 37.2151273281 31.9483381708
53.0 38.3968625043 32.3980263745
54.0 38.2902803108 33.3417841578
55.0 38.2272518719 33.2559465664
56.0 38.7558072309 32.8217668969
57.0 39.4876078141 33.5787672651
58.0 39.7071183462 32.94042405
59.0 39.0919753464 34.9936275365
60.0 38.7632569049 33.9495456723
61.0 39.4115526302 35.4094489118
62.0 39.7875785652 34.73740466
63.0 40.3774850301 35.188659774
64.0 nan nan
65.0 nan nan
66.0 nan nan
67.0 nan nan
68.0 nan nan
69.0 nan nan
70.0 nan nan
71.0 nan nan
72.0 nan nan
73.0 nan nan
74.0 nan nan
75.0 nan nan
76.0 nan nan
77.0 nan nan
78.0 nan nan
79.0 nan nan
80.0 nan nan
81.0 nan nan
82.0 nan nan
83.0 nan nan
84.0 nan nan
85.0 nan nan
86.0 nan nan
87.0 nan nan
88.0 nan nan
89.0 nan nan
90.0 nan nan
91.0 nan nan
92.0 nan nan
93.0 nan nan
94.0 nan nan
95.0 nan nan
96.0 nan nan
97.0 nan nan
98.0 nan nan
99.0 nan nan
100.0 nan nan
101.0 nan nan
102.0 nan nan
103.0 nan nan
104.0 nan nan
105.0 nan nan
106.0 nan nan
107.0 nan nan
108.0 nan nan
109.0 nan nan
110.0 nan nan
111.0 nan nan
112.0 nan nan
113.0 nan nan
114.0 nan nan
115.0 nan nan
116.0 nan nan
117.0 nan nan
118.0 nan nan
119.0 nan nan
120.0 nan nan
121.0 nan nan
122.0 nan nan
123.0 nan nan
124.0 nan nan
125.0 nan nan
126.0 nan nan
127.0 nan nan
