0.0 0.0 0.0
1.0 1.10878193946 1.48537134869
2.0 2.82615071204 1.52636228021
3.0 4.67541071351 3.33627396042
4.0 6.43718025615 3.60043174473
5.0 8.09202919166 4.80105579628
6.0 9.9593341151 5.21060578104
7.0 12.0077912982 6.12859331537
8.0 13.4058528273 6.55058570889
9.0 15.2361717105 7.45091147346
10.0 17.0578535829 7.87695187281
11.0 18.5682530467 8.78680037781
12.0 20.5602162894 9.04508488563
13.0 22.2906758975 9.6292958897
14.0 23.6121127046 10.2923418635
15.0 25.6793022447 10.8253775175
16.0 26.7094331119 11.1655454899
17.0 29.3887148846 11.7446571348
18.0 30.1916054241 12.3027830044
19.0 32.2770484001 12.4532784053
20.0 33.8369098593 12.9998296135
21.0 35.4469614837 13.657810639
22.0 37.5075537707 13.7572147059
23.0 37.6901947982 14.4448866138
24.0 41.4258291801 14.9614781227
25.0 42.765095238 15.1762937166
26.0 42.7340351485 15.5647109727
27.0 45.8319625835 15.9719570708
28.0 47.5071582106 16.5819756584
29.0 47.9205225591 16.829644369
30.0 50.9643560927 17.0849577966
31.0 51.0368341171 17.8496945591
32.0 52.644902475 18.177397659
33.0 54.7988410656 18.5069334056
34.0 55.8427929233 18.4001577379
35.0 56.7808070687 19.9847919496
36.0 57.6682086287 19.7342131192
37.0 58.8645792431 20.4867002039
38.0 62.1376671383 20.4073445756
39.0 62.2126142315 20.7615162259
40.0 63.8356413495 20.961638749
41.0 65.3728332225 21.8335087787
42.0 68.3844969947 21.7844258921
43.0 68.095354908 22.4558136278
44.0 68.4259957998 22.5631315499
45.0 71.2119839272 22.6125562978
46.0 72.5933686038 22.4974984344
47.0 73.0117015849 23.1801467834
48.0 73.7997126546 23.8483995213
49.0 74.2134825661 24.3660663396
50.0 75.6902721992 24.9238733113
51.0 78.6720253952 25.2141649999
52.0 79.2949805344 25.2423520669
53.0 79.4447902062 26.2072669849
54.0 81.4064675136 26.0722139251
55.0 82.962886645 25.8440503886
56.0 84.7796646827 26.6273377735
57.0 86.7060136417 26.8080318468
58.0 87.0549784794 26.8728223112
59.0 87.3189673343 27.7573372017
60.0 92.4568784805 28.0701214863
61.0 89.7275056298 28.3857302935
62.0 92.5162014308 28.0393051614
63.0 91.2132015142 28.895787577
64.0 92.8588456418 29.1477692594
65.0 96.0043966664 28.6486545832
66.0 97.3044515593 30.3000385839
67.0 94.2630562457 30.0878891317
68.0 99.0405627231 30.1440671966
69.0 99.8671209612 29.7530948705
70.0 101.150412479 31.2029191697
71.0 102.877331986 30.5327864558
72.0 103.003676075 30.9187009027
73.0 104.837652821 31.8166948564
74.0 103.413160583 31.82370329
75.0 106.52588836 31.3937609669
76.0 106.966300421 31.896757062
77.0 109.020643397 32.1436573534
78.0 108.683342517 32.6707584869
79.0 113.529009827 33.0803401327
80.0 110.665945419 33.2836533726
81.0 112.782958622 33.7337646644
82.0 114.103375323 33.5531825055
83.0 116.754116104 34.5294555584
84.0 115.470408198 33.5306020679
85.0 115.694098639 33.6802720172
86.0 114.595689179 34.1683908662
87.0 118.762913569 34.8516025104
88.0 118.074070274 35.2391971564
89.0 119.215058511 35.1603888199
90.0 119.415582861 35.3515074675
91.0 117.658014144 36.4111031412
92.0 124.8255341 36.2245172011
93.0 126.569089565 36.6435894794
94.0 126.619767482 36.3802915817
95.0 122.756567454 36.2913253391
96.0 124.020842592 37.1631858296
97.0 126.241702313 36.8535549029
98.0 130.388185645 37.9202264607
99.0 128.333415188 38.0826644416
100.0 129.346459947 37.6704462249
101.0 130.261231596 37.5437425095
102.0 131.972214216 37.7426925208
103.0 134.729712548 37.2180458844
104.0 133.606726012 37.6493832989
105.0 136.041618487 39.4690731843
106.0 136.179967226 38.6673260451
107.0 137.752210337 38.5822438306
108.0 137.158262098 38.935087631
109.0 139.922112493 40.095589639
110.0 140.610492033 39.102878429
111.0 137.149390952 40.2618718881
112.0 141.034954983 40.891069197
113.0 137.952243275 40.0702375858
114.0 139.496788616 41.321035546
115.0 140.239672456 40.6461714833
116.0 138.749745877 41.4567582152
117.0 143.917937585 41.784238169
118.0 142.58809271 41.9112033886
119.0 143.860570999 42.0742555323
120.0 143.406417696 41.6104096794
121.0 147.129665316 41.6441026744
122.0 147.080344484 42.5035374609
123.0 144.750123722 42.8699651239
124.0 147.973198242 42.1929237287
125.0 148.136452984 43.5842745899
126.0 147.539212069 43.0724061435
127.0 151.011456892 42.5659553734
128.0 nan nan
129.0 nan nan
130.0 nan nan
131.0 nan nan
132.0 nan nan
133.0 nan nan
134.0 nan nan
135.0 nan nan
136.0 nan nan
137.0 nan nan
138.0 nan nan
139.0 nan nan
140.0 nan nan
141.0 nan nan
142.0 nan nan
143.0 nan nan
144.0 nan nan
145.0 nan nan
146.0 nan nan
147.0 nan nan
148.0 nan nan
149.0 nan nan
150.0 nan nan
151.0 nan nan
152.0 nan nan
153.0 nan nan
154.0 nan nan
155.0 nan nan
156.0 nan nan
157.0 nan nan
158.0 nan nan
159.0 nan nan
160.0 nan nan
161.0 nan nan
162.0 nan nan
163.0 nan nan
164.0 nan nan
165.0 nan nan
166.0 nan nan
167.0 nan nan
168.0 nan nan
169.0 nan nan
170.0 nan nan
171.0 nan nan
172.0 nan nan
173.0 nan nan
174.0 nan nan
175.0 nan nan
176.0 nan nan
177.0 nan nan
178.0 nan nan
179.0 nan nan
180.0 nan nan
181.0 nan nan
182.0 nan nan
183.0 nan nan
184.0 nan nan
185.0 nan nan
186.0 nan nan
187.0 nan nan
188.0 nan nan
189.0 nan nan
190.0 nan nan
191.0 nan nan
192.0 nan nan
193.0 nan nan
194.0 nan nan
195.0 nan nan
196.0 nan nan
197.0 nan nan
198.0 nan nan
199.0 nan nan
200.0 nan nan
201.0 nan nan
202.0 nan nan
203.0 nan nan
204.0 nan nan
205.0 nan nan
206.0 nan nan
207.0 nan nan
208.0 nan nan
209.0 nan nan
210.0 nan nan
211.0 nan nan
212.0 nan nan
213.0 nan nan
214.0 nan nan
215.0 nan nan
216.0 nan nan
217.0 nan nan
218.0 nan nan
219.0 nan nan
220.0 nan nan
221.0 nan nan
222.0 nan nan
223.0 nan nan
224.0 nan nan
225.0 nan nan
226.0 nan nan
227.0 nan nan
228.0 nan nan
229.0 nan nan
230.0 nan nan
231.0 nan nan
232.0 nan nan
233.0 nan nan
234.0 nan nan
235.0 nan nan
236.0 nan nan
237.0 nan nan
238.0 nan nan
239.0 nan nan
240.0 nan nan
241.0 nan nan
242.0 nan nan
243.0 nan nan
244.0 nan nan
245.0 nan nan
246.0 nan nan
247.0 nan nan
248.0 nan nan
249.0 nan nan
250.0 nan nan
251.0 nan nan
252.0 nan nan
253.0 nan nan
254.0 nan nan
255.0 nan nan
