0.0 0.0 0.0
1.0 2.90918254107 3.60550274644
2.0 2.91143189118 3.42992058161
3.0 5.02272322502 6.82128622376
4.0 5.77089972104 8.51543965303
5.0 7.52000633619 10.6526687161
6.0 8.45644707814 12.014453847
7.0 9.82517347713 13.6486610961
8.0 10.6919077478 15.0471682871
9.0 11.9773538772 16.6566484312
10.0 12.793415904 18.5695853678
11.0 14.1524220175 20.4294525367
12.0 14.7328034217 19.9108980206
13.0 15.4641184738 22.1998055018
14.0 17.1200714565 24.468564821
15.0 17.254604245 24.5789888383
16.0 18.8649127522 26.0803623013
17.0 19.453491592 28.1599921879
18.0 20.1827865755 29.1705816083
19.0 21.5838907603 29.5685248107
20.0 22.4519617878 30.8993257437
21.0 22.2344664376 31.9984784268
22.0 24.2339068281 32.9538227886
23.0 24.5024168845 34.1745557824
24.0 25.7231006351 35.1825263778
25.0 25.9451534668 35.6819168441
26.0 26.2547817878 36.5749417534
27.0 27.314241345 37.4415723318
28.0 28.3099014209 39.6798054318
29.0 29.2275373369 40.2644484536
30.0 29.2549553563 42.1366544129
31.0 30.4748648156 41.594978672
32.0 31.5536591255 43.0047010162
33.0 32.1102985298 43.0534716238
34.0 31.8740561642 44.3477257804
35.0 33.1084418443 44.9839057991
36.0 34.5210426903 45.2672352234
37.0 35.3607950045 46.1821844782
38.0 35.38229764 47.1492120496
39.0 36.3301415988 47.6626713453
40.0 37.1457059345 48.5930740533
41.0 36.3288409701 49.6183741762
42.0 37.362061581 50.6380129478
43.0 38.4611341163 51.2883236217
44.0 38.7523499367 51.5833460116
45.0 40.3499802455 51.2125739621
46.0 40.968089097 53.7317451954
47.0 41.4967964891 54.3662198016
48.0 41.160780116 52.6081017482
49.0 41.5462113187 54.2528293751
50.0 42.6774328569 56.4958008265
51.0 43.2468290232 57.4030335641
52.0 45.2808185748 57.8053776055
53.0 44.2713150353 57.2547751758
54.0 45.6998193893 59.0465981728
55.0 46.5521358922 60.0033312503
56.0 45.5741474399 59.4410230627
57.0 48.994368373 59.7990620029
58.0 47.5421118632 60.0688984853
59.0 47.6614485879 61.4638811293
60.0 48.9782305335 62.8483010177
61.0 50.7823601165 63.9828511269
62.0 49.1880736037 61.6880211429
63.0 50.7818317198 63.3691441069
64.0 52.2383171488 65.155491159
65.0 51.5167200762 63.4638451754
66.0 52.7467318397 65.1486759086
67.0 52.459558293 64.4576671183
68.0 53.6414257919 65.0034392018
69.0 53.5868400107 66.1688485178
70.0 54.3385387712 65.7683638656
71.0 56.3235085861 65.7988927296
72.0 55.8719252248 68.7060184358
73.0 56.2610231995 69.3293277311
74.0 57.9947920208 66.1057609982
75.0 57.0821242947 67.8729170759
76.0 58.390266956 69.0590895863
77.0 59.055871244 70.3295627253
78.0 59.4295277951 71.4135440385
79.0 60.576146732 70.7727341517
80.0 60.7464541631 70.5092779959
81.0 60.5228560779 72.1081040123
82.0 62.1937332369 71.9437752122
83.0 63.0130177292 73.4170802737
84.0 61.3173759462 73.48563124
85.0 62.4000203505 72.1164057922
86.0 61.0745383732 73.9447533433
87.0 62.045945798 74.4206903928
88.0 63.1093140335 72.2689637269
89.0 62.9657479569 73.9081578139
90.0 63.4228063946 73.3172525795
91.0 64.1583461231 75.658023979
92.0 67.8433801312 76.1093344114
93.0 67.3759241809 76.7813207189
94.0 67.162465166 78.183446186
95.0 65.642116979 75.5933369955
96.0 67.1448236921 74.7780652524
97.0 66.8288690785 76.8977454465
98.0 70.0010028083 78.0797239265
99.0 69.1549979728 80.2132876459
100.0 69.2149353365 78.2755355048
101.0 69.1530698015 77.7613326106
102.0 69.5270109093 79.0680846884
103.0 70.794617532 80.2522797034
104.0 71.6877790547 81.5564260411
105.0 72.2006686016 78.7916628714
106.0 71.9852657839 79.6564264219
107.0 74.9227745216 82.3447018041
108.0 71.5838812003 79.7948572552
109.0 74.1574563601 79.2377345728
110.0 74.3586450576 81.6840115975
111.0 73.0460003077 81.0392059038
112.0 77.287608931 79.4807805047
113.0 76.704597721 81.6275486381
114.0 74.0134815006 80.6266570733
115.0 75.4993742331 81.565142039
116.0 78.0749284623 83.5952377313
117.0 76.5456504912 85.7777500292
118.0 75.7152199503 82.942475034
119.0 75.9480797391 83.3964365601
120.0 77.8633278981 82.3619299764
121.0 78.6482766219 83.0080586213
122.0 78.1309504527 85.237217343
123.0 77.8614536148 83.8100871532
124.0 79.6365183247 84.1333193272
125.0 79.9515964608 84.6005556947
126.0 79.8241249835 84.9598318685
127.0 80.8455207206 85.8563442299
128.0 nan nan
129.0 nan nan
130.0 nan nan
131.0 nan nan
132.0 nan nan
133.0 nan nan
134.0 nan nan
135.0 nan nan
136.0 nan nan
137.0 nan nan
138.0 nan nan
139.0 nan nan
140.0 nan nan
141.0 nan nan
142.0 nan nan
143.0 nan nan
144.0 nan nan
145.0 nan nan
146.0 nan nan
147.0 nan nan
148.0 nan nan
149.0 nan nan
150.0 nan nan
151.0 nan nan
152.0 nan nan
153.0 nan nan
154.0 nan nan
155.0 nan nan
156.0 nan nan
157.0 nan nan
158.0 nan nan
159.0 nan nan
160.0 nan nan
161.0 nan nan
162.0 nan nan
163.0 nan nan
164.0 nan nan
165.0 nan nan
166.0 nan nan
167.0 nan nan
168.0 nan nan
169.0 nan nan
170.0 nan nan
171.0 nan nan
172.0 nan nan
173.0 nan nan
174.0 nan nan
175.0 nan nan
176.0 nan nan
177.0 nan nan
178.0 nan nan
179.0 nan nan
180.0 nan nan
181.0 nan nan
182.0 nan nan
183.0 nan nan
184.0 nan nan
185.0 nan nan
186.0 nan nan
187.0 nan nan
188.0 nan nan
189.0 nan nan
190.0 nan nan
191.0 nan nan
192.0 nan nan
193.0 nan nan
194.0 nan nan
195.0 nan nan
196.0 nan nan
197.0 nan nan
198.0 nan nan
199.0 nan nan
200.0 nan nan
201.0 nan nan
202.0 nan nan
203.0 nan nan
204.0 nan nan
205.0 nan nan
206.0 nan nan
207.0 nan nan
208.0 nan nan
209.0 nan nan
210.0 nan nan
211.0 nan nan
212.0 nan nan
213.0 nan nan
214.0 nan nan
215.0 nan nan
216.0 nan nan
217.0 nan nan
218.0 nan nan
219.0 nan nan
220.0 nan nan
221.0 nan nan
222.0 nan nan
223.0 nan nan
224.0 nan nan
225.0 nan nan
226.0 nan nan
227.0 nan nan
228.0 nan nan
229.0 nan nan
230.0 nan nan
231.0 nan nan
232.0 nan nan
233.0 nan nan
234.0 nan nan
235.0 nan nan
236.0 nan nan
237.0 nan nan
238.0 nan nan
239.0 nan nan
240.0 nan nan
241.0 nan nan
242.0 nan nan
243.0 nan nan
244.0 nan nan
245.0 nan nan
246.0 nan nan
247.0 nan nan
248.0 nan nan
249.0 nan nan
250.0 nan nan
251.0 nan nan
252.0 nan nan
253.0 nan nan
254.0 nan nan
255.0 nan nan
