0.0 0.0 0.0
1.0 1.7162849964 2.3515617475
2.0 1.80108888623 2.39420827085
3.0 3.56646869641 4.8867128228
4.0 4.03780325887 5.75887628111
5.0 5.36397603806 7.83762596215
6.0 6.14082943272 8.85778650851
7.0 7.26009491086 10.1928604826
8.0 8.181272828 11.3740993588
9.0 9.22058303614 12.566250442
10.0 9.94059185276 14.1906968754
11.0 10.9033450447 15.1123937945
12.0 11.7070131547 15.7809490434
13.0 12.5043155885 17.3291286895
14.0 13.2334290155 17.8839818602
15.0 14.4075197912 19.616579935
16.0 15.2031998327 20.0450023554
17.0 15.6599486976 22.3346161661
18.0 16.8414110134 22.9989960957
19.0 17.1464622023 23.8099405315
20.0 18.2340990962 24.3181028542
21.0 18.8801775745 24.9183712529
22.0 19.7771168106 26.3013604507
23.0 20.2205543087 27.9526333747
24.0 21.3610204544 28.9879435814
25.0 22.0180406505 29.3442319305
26.0 22.756373717 29.3475742415
27.0 23.3266835629 31.1573218026
28.0 24.1618129266 32.350554128
29.0 24.669914972 33.3979184589
30.0 25.0187796245 34.0748036306
31.0 25.9724473283 34.4156161416
32.0 26.984549727 35.366931987
33.0 28.6360019426 36.0884356091
34.0 28.1910264492 37.6987120572
35.0 28.9177062137 38.5219563032
36.0 29.5981234505 38.7097585337
37.0 31.0349487113 38.6921304661
38.0 31.7846287766 40.3431218778
39.0 33.1188853295 40.4471166288
40.0 33.681075034 40.7051680581
41.0 33.0786930735 43.0185439189
42.0 34.3524148918 42.689040784
43.0 34.2657998342 44.9525392916
44.0 35.4936897552 44.4912966875
45.0 35.9652376562 44.933112408
46.0 37.59463937 45.9250709217
47.0 37.6251925599 47.2413849177
48.0 37.7433519894 47.0382143989
49.0 38.6622084112 47.6901182682
50.0 40.1086164467 48.9315337247
51.0 40.0834192808 50.427179004
52.0 42.1307460071 49.9197072172
53.0 41.8174703882 50.1481926976
54.0 42.8193330854 52.4560935409
55.0 43.6870000043 50.5799926748
56.0 42.8100076648 52.0417129691
57.0 43.7396601243 53.8341321902
58.0 45.9784857578 54.8515663305
59.0 46.7652944466 54.8387475461
60.0 48.486905509 56.5805409939
61.0 47.9455442579 55.22384857
62.0 47.9808245952 54.5785975149
63.0 47.7341948267 56.4821790907
64.0 49.2751396744 57.5539710768
65.0 51.4113276727 58.7071385737
66.0 51.4035659777 57.9223204451
67.0 51.6110023805 58.2689424015
68.0 52.6937657144 58.2746780639
69.0 52.395558986 61.0297869749
70.0 53.5651362894 59.0074406618
71.0 52.9063061486 61.1542386451
72.0 56.249470705 59.7234837045
73.0 57.308720641 63.9727181584
74.0 57.782615614 61.6183081441
75.0 56.301211009 61.4517985579
76.0 57.8757100154 62.7058799705
77.0 57.7745167948 65.9626194358
78.0 59.1634052135 65.2383587418
79.0 60.9471276481 65.7374429732
80.0 60.3436502418 64.7426780499
81.0 60.9560869093 65.6175567883
82.0 62.6694755812 67.2692483677
83.0 62.8175499526 68.1161077116
84.0 61.5583436994 66.7520043244
85.0 64.6915902009 66.9350957948
86.0 62.8099671548 68.0034631185
87.0 63.4421775543 69.6833814035
88.0 64.2535658194 67.4028857494
89.0 63.5209630096 69.8557429716
90.0 65.7534537962 69.9622335233
91.0 65.4771712635 70.7174825345
92.0 67.4127832522 70.3164629928
93.0 68.5264866449 71.9034546214
94.0 67.1464520021 72.5162062146
95.0 67.0282977832 70.3638555196
96.0 67.861097406 72.2983248597
97.0 68.255500976 71.1820145535
98.0 72.6513729599 71.305660755
99.0 72.1409795405 74.3356876564
100.0 71.2988286893 73.9691215726
101.0 72.7425985345 71.4765561759
102.0 72.0066964345 74.7674650743
103.0 73.0275287232 76.5142847777
104.0 73.408439553 75.072474319
105.0 73.7823509614 77.0121839076
106.0 72.6653059012 75.3314783638
107.0 76.9265541309 77.0881830289
108.0 77.1927131833 78.0416002598
109.0 77.8759371628 76.7564249851
110.0 77.3866670161 80.3651966587
111.0 76.8189047749 77.1054640469
112.0 76.7898152527 77.4900879827
113.0 78.6549392367 76.7576188951
114.0 79.029372166 76.8275356424
115.0 78.7580245474 77.575261356
116.0 80.06010027 79.2667567597
117.0 80.7688602333 81.4556484752
118.0 80.9386024043 78.0135300871
119.0 81.0034775782 77.7843366671
120.0 84.353871901 79.3487088349
121.0 82.7121642986 80.5977006708
122.0 82.9590281832 82.4935630258
123.0 82.70654442 80.1320563072
124.0 83.1289172706 81.8899315874
125.0 84.3832228175 81.7023030899
126.0 85.8791130877 81.5273753165
127.0 86.931480939 81.683172312
128.0 nan nan
129.0 nan nan
130.0 nan nan
131.0 nan nan
132.0 nan nan
133.0 nan nan
134.0 nan nan
135.0 nan nan
136.0 nan nan
137.0 nan nan
138.0 nan nan
139.0 nan nan
140.0 nan nan
141.0 nan nan
142.0 nan nan
143.0 nan nan
144.0 nan nan
145.0 nan nan
146.0 nan nan
147.0 nan nan
148.0 nan nan
149.0 nan nan
150.0 nan nan
151.0 nan nan
152.0 nan nan
153.0 nan nan
154.0 nan nan
155.0 nan nan
156.0 nan nan
157.0 nan nan
158.0 nan nan
159.0 nan nan
160.0 nan nan
161.0 nan nan
162.0 nan nan
163.0 nan nan
164.0 nan nan
165.0 nan nan
166.0 nan nan
167.0 nan nan
168.0 nan nan
169.0 nan nan
170.0 nan nan
171.0 nan nan
172.0 nan nan
173.0 nan nan
174.0 nan nan
175.0 nan nan
176.0 nan nan
177.0 nan nan
178.0 nan nan
179.0 nan nan
180.0 nan nan
181.0 nan nan
182.0 nan nan
183.0 nan nan
184.0 nan nan
185.0 nan nan
186.0 nan nan
187.0 nan nan
188.0 nan nan
189.0 nan nan
190.0 nan nan
191.0 nan nan
192.0 nan nan
193.0 nan nan
194.0 nan nan
195.0 nan nan
196.0 nan nan
197.0 nan nan
198.0 nan nan
199.0 nan nan
200.0 nan nan
201.0 nan nan
202.0 nan nan
203.0 nan nan
204.0 nan nan
205.0 nan nan
206.0 nan nan
207.0 nan nan
208.0 nan nan
209.0 nan nan
210.0 nan nan
211.0 nan nan
212.0 nan nan
213.0 nan nan
214.0 nan nan
215.0 nan nan
216.0 nan nan
217.0 nan nan
218.0 nan nan
219.0 nan nan
220.0 nan nan
221.0 nan nan
222.0 nan nan
223.0 nan nan
224.0 nan nan
225.0 nan nan
226.0 nan nan
227.0 nan nan
228.0 nan nan
229.0 nan nan
230.0 nan nan
231.0 nan nan
232.0 nan nan
233.0 nan nan
234.0 nan nan
235.0 nan nan
236.0 nan nan
237.0 nan nan
238.0 nan nan
239.0 nan nan
240.0 nan nan
241.0 nan nan
242.0 nan nan
243.0 nan nan
244.0 nan nan
245.0 nan nan
246.0 nan nan
247.0 nan nan
248.0 nan nan
249.0 nan nan
250.0 nan nan
251.0 nan nan
252.0 nan nan
253.0 nan nan
254.0 nan nan
255.0 nan nan
