0.0 0.0 0.0
1.0 0.114687371044 0.0952189104029
2.0 0.118204496527 0.0988292805879
3.0 0.202474327138 0.278482039599
4.0 0.215881837786 0.298642030168
5.0 0.343189409904 0.447407583401
6.0 0.378740530199 0.498787376063
7.0 0.477552202815 0.604587386496
8.0 0.496466714187 0.664447241845
9.0 0.620505269707 0.808667340128
10.0 0.664424909713 0.841166678078
11.0 0.737060292619 0.947987315661
12.0 0.775000580974 1.04132995491
13.0 0.855110209188 1.13770333543
14.0 0.924077453215 1.22838341006
15.0 0.995563345406 1.31670935324
16.0 1.02465163649 1.40374975469
17.0 1.0999539056 1.49593624952
18.0 1.16207851094 1.59935678499
19.0 1.20646633192 1.65243789517
20.0 1.28445714708 1.72445901392
21.0 1.32988263756 1.86659284885
22.0 1.37037998509 1.90258598342
23.0 1.37471661661 2.07377802009
24.0 1.47592575778 2.12008989836
25.0 1.51751271284 2.20766070224
26.0 1.57271155776 2.23935375841
27.0 1.64299181592 2.47901089887
28.0 1.6248167469 2.46282621942
29.0 1.68737249014 2.61776132161
30.0 1.71657818453 2.63052154676
31.0 1.75308587465 2.71971876535
32.0 nan nan
33.0 nan nan
34.0 nan nan
35.0 nan nan
36.0 nan nan
37.0 nan nan
38.0 nan nan
39.0 nan nan
40.0 nan nan
41.0 nan nan
42.0 nan nan
43.0 nan nan
44.0 nan nan
45.0 nan nan
46.0 nan nan
47.0 nan nan
48.0 nan nan
49.0 nan nan
50.0 nan nan
51.0 nan nan
52.0 nan nan
53.0 nan nan
54.0 nan nan
55.0 nan nan
56.0 nan nan
57.0 nan nan
58.0 nan nan
59.0 nan nan
60.0 nan nan
61.0 nan nan
62.0 nan nan
63.0 nan nan
