0.0 0.0 0.0
1.0 0.13654101968373983 0.38385352252410704
2.0 0.13526896331194882 0.3893126089973852
3.0 0.24482358002298987 1.0000080969394407
4.0 0.2375128530274612 1.0323909121736237
5.0 0.3895733964037204 1.4490549836508362
6.0 0.42173932848574985 1.5845892522455483
7.0 0.5952182753570487 1.866523167128479
8.0 0.6046582817775523 1.8969774437661366
9.0 0.7889841154962847 2.1357419519152807
10.0 0.8281160547639241 2.1577207336323214
11.0 0.9681424034679842 2.3229465169189214
12.0 1.0151119412994734 2.3507340071444687
13.0 1.1098154450176572 2.471244761184641
14.0 1.183855013482537 2.424480429471831
15.0 1.3290007046959826 2.6052731690914612
16.0 1.4210528463999719 2.5607595250573993
17.0 1.5182926929186105 2.7084505690826832
18.0 1.5822636260217384 2.750247001136306
19.0 1.7221835194840962 2.8560432296678173
20.0 1.7763830064785215 2.8648145443716047
21.0 1.91133203497161 2.902720391668944
22.0 1.9765410159595744 2.9080398749930954
23.0 2.040357643373727 3.0260729599589973
24.0 2.119713489712667 2.9859950104361235
25.0 2.219871898335007 3.033801033675439
26.0 2.2242448991962656 3.0479550082735534
27.0 2.347475176742332 3.070773954095925
28.0 2.4145188102007946 3.1609316984168623
29.0 2.4488694393097097 3.0336749335850963
30.0 2.5127932276542677 3.110641641436628
31.0 2.6044479975763117 3.113288266919595
32.0 nan nan
33.0 nan nan
34.0 nan nan
35.0 nan nan
36.0 nan nan
37.0 nan nan
38.0 nan nan
39.0 nan nan
40.0 nan nan
41.0 nan nan
42.0 nan nan
43.0 nan nan
44.0 nan nan
45.0 nan nan
46.0 nan nan
47.0 nan nan
48.0 nan nan
49.0 nan nan
50.0 nan nan
51.0 nan nan
52.0 nan nan
53.0 nan nan
54.0 nan nan
55.0 nan nan
56.0 nan nan
57.0 nan nan
58.0 nan nan
59.0 nan nan
60.0 nan nan
61.0 nan nan
62.0 nan nan
63.0 nan nan
