0.0 0.0 0.0
1.0 0.0327574149925 0.365167341542
2.0 0.117741793859 0.753346000719
3.0 0.21633632263 1.01294259752
4.0 0.324975494434 1.28210807891
5.0 0.450009392718 1.49226809064
6.0 0.558330330945 1.6880916166
7.0 0.664049639196 1.79495036609
8.0 0.793708561935 2.01598788839
9.0 0.920440278989 2.13812491733
10.0 1.00694417501 2.20550723204
11.0 1.08266534418 2.31581323643
12.0 1.16109105021 2.3585304932
13.0 1.314258578 2.43720734452
14.0 1.39723262945 2.59601203309
15.0 1.49637022331 2.634983919
16.0 1.57977400275 2.71560022522
17.0 1.62288726695 2.82212046464
18.0 1.73439134386 2.91125069182
19.0 1.83832662306 2.98744424551
20.0 1.88374253254 2.98811601154
21.0 1.99971302102 3.07900514689
22.0 2.07123834231 3.19593766072
23.0 2.14215037155 3.22537691097
24.0 2.18676853428 3.32468174306
25.0 2.29025539032 3.34662463969
26.0 2.36742751097 3.3816668525
27.0 2.41524965772 3.39094050491
28.0 2.4526451575 3.45247347524
29.0 2.4595696162 3.39582893394
30.0 2.55521970195 3.42022659485
31.0 2.70934473112 3.43941979883
32.0 nan nan
33.0 nan nan
34.0 nan nan
35.0 nan nan
36.0 nan nan
37.0 nan nan
38.0 nan nan
39.0 nan nan
40.0 nan nan
41.0 nan nan
42.0 nan nan
43.0 nan nan
44.0 nan nan
45.0 nan nan
46.0 nan nan
47.0 nan nan
48.0 nan nan
49.0 nan nan
50.0 nan nan
51.0 nan nan
52.0 nan nan
53.0 nan nan
54.0 nan nan
55.0 nan nan
56.0 nan nan
57.0 nan nan
58.0 nan nan
59.0 nan nan
60.0 nan nan
61.0 nan nan
62.0 nan nan
63.0 nan nan
