0.0 0.0 0.0
1.0 1.22589635803 1.71351455388
2.0 1.18546988229 1.67886848551
3.0 2.18185507905 3.52430580449
4.0 2.34394059349 3.92263971825
5.0 3.70905919103 4.95736934742
6.0 3.80392034211 5.51822747964
7.0 4.76902446117 6.39694477757
8.0 4.8087957447 6.719122588
9.0 5.75744911182 7.53466376923
10.0 5.96889034889 8.15293117199
11.0 6.70040259295 8.96591148238
12.0 6.80218157969 9.01656345624
13.0 7.1924651244 9.84365931836
14.0 7.34728683836 10.3527524111
15.0 7.90848126039 11.0426851922
16.0 nan nan
17.0 nan nan
18.0 nan nan
19.0 nan nan
20.0 nan nan
21.0 nan nan
22.0 nan nan
23.0 nan nan
24.0 nan nan
25.0 nan nan
26.0 nan nan
27.0 nan nan
28.0 nan nan
29.0 nan nan
30.0 nan nan
31.0 nan nan
