0.0 0.0 0.0
1.0 0.221110438057 1.50737946794
2.0 0.741500239832 1.52791160212
3.0 1.36730910845 3.35181050965
4.0 2.05852472007 3.54677304943
5.0 2.63544991418 4.84459961089
6.0 3.3323259655 5.15818040546
7.0 3.9786464581 6.09991788757
8.0 4.74434722163 6.68449609414
9.0 5.26220910641 7.48613288458
10.0 6.10197748105 7.77298359154
11.0 6.56613270364 8.79021577125
12.0 7.2166866543 9.01694406329
13.0 7.64777548793 9.71306801537
14.0 8.43680957658 10.0658178111
15.0 9.17626070854 10.955505169
16.0 9.8088210523 11.147823575
17.0 10.3655547091 11.5691223406
18.0 10.7562081095 11.9420522811
19.0 11.503671522 12.9681485036
20.0 12.1306405569 13.2829432919
21.0 12.4452469502 14.0381958775
22.0 13.0021059405 14.1094478867
23.0 13.6464359365 14.5795910727
24.0 13.9777274524 14.8486170438
25.0 15.0234860317 15.4210011237
26.0 15.0388389548 15.6994105323
27.0 15.6683897955 15.9327746123
28.0 15.7685287055 15.8845190882
29.0 16.6775162897 17.6303787824
30.0 17.0443215038 17.5317526214
31.0 17.4289124981 18.1721441423
32.0 18.4350445568 17.9636659937
33.0 18.4162962412 18.7795318452
34.0 19.0380344905 18.628105251
35.0 19.5321823094 19.0029068657
36.0 19.7990280894 19.4851791471
37.0 20.0561841369 20.2626006148
38.0 21.6353802933 20.8672938856
39.0 20.9119262 20.3072891222
40.0 21.9374700235 21.3442969122
41.0 21.7608712098 21.6032257377
42.0 22.7650550519 22.296749089
43.0 22.770021817 22.2009306565
44.0 22.6954512885 22.4384966298
45.0 23.4248328284 23.4493133316
46.0 23.76162852 23.4270136241
47.0 24.4332064482 23.7439520178
48.0 25.0470569244 23.774108053
49.0 25.3033833166 24.1696245408
50.0 25.7402878897 24.2278252527
51.0 26.2080270313 25.466924661
52.0 25.9714429844 25.0639375515
53.0 26.649897372 25.7528329269
54.0 26.5807272892 25.1689072586
55.0 27.390579658 25.8028000098
56.0 27.0086361741 27.1815609701
57.0 27.7843108655 26.6013664092
58.0 28.15102457 27.0185455784
59.0 28.5006425345 27.6667770269
60.0 28.9186616372 28.2822986947
61.0 29.2333653635 28.1324852749
62.0 28.7831236001 27.5417260572
63.0 29.0408093635 28.4636894787
64.0 29.434285472 28.5209227859
65.0 30.9982287942 29.8647633432
66.0 30.6380758005 29.6438607427
67.0 30.8647790147 29.4743233091
68.0 30.90202892 29.6703558043
69.0 31.1793252962 29.6922392496
70.0 31.365276372 30.21476516
71.0 31.6460804265 30.3484927876
72.0 31.773417721 31.9137637619
73.0 31.6595207484 31.7924140353
74.0 32.4414892788 31.4209202674
75.0 32.7825880845 32.051425233
76.0 32.6973523089 31.7430853878
77.0 32.6890091985 32.1945688671
78.0 33.4370437347 33.2246484821
79.0 32.417848742 32.7278229535
80.0 33.4290087823 33.3874791032
81.0 33.8146434167 33.387798328
82.0 34.660241139 33.9453192576
83.0 34.1876118555 33.8394122552
84.0 34.225738789 33.7445864208
85.0 35.1694327672 34.2889917932
86.0 33.936644028 35.2205898938
87.0 34.8455004222 34.8475043469
88.0 35.8103250238 34.4668887126
89.0 35.0692947614 35.9668975746
90.0 35.3329906805 35.9595918593
91.0 35.4634889439 35.6235554716
92.0 36.2450677398 36.0482702002
93.0 36.6363384719 35.4039885824
94.0 35.4205804448 35.8630349478
95.0 36.0502058407 36.0226661361
96.0 36.4217914418 36.9917627635
97.0 36.2428164138 37.2789308258
98.0 36.2727140652 37.8639208328
99.0 36.4168207099 37.0988472512
100.0 37.2472691547 37.6580040062
101.0 36.0251742868 38.5400482833
102.0 37.1710786399 37.3999227692
103.0 37.3627083486 38.4277687847
104.0 37.2948501726 38.5512592037
105.0 37.5559887083 39.101949722
106.0 38.2135801221 38.3594744837
107.0 37.1516155602 38.8950698399
108.0 38.3542540006 39.5598406055
109.0 38.2600073331 39.105257982
110.0 38.2261903596 40.4650960777
111.0 38.279198202 39.3064033707
112.0 39.3751429198 39.8187795903
113.0 38.6778032437 39.3172493324
114.0 39.6898029198 39.8641607981
115.0 39.6608807547 41.4582364619
116.0 39.2405246403 40.7730844549
117.0 38.0734683421 41.5719641349
118.0 38.7980549024 41.7196441182
119.0 39.1821577501 42.1299983022
120.0 39.7362078954 41.6321190506
121.0 39.248832611 41.9614847271
122.0 40.0276851874 41.4774104465
123.0 37.6962786956 42.6249893978
124.0 40.4641576034 42.678765621
125.0 40.3481913579 42.6944670836
126.0 39.4695795309 43.1763878237
127.0 39.2359948249 43.1555572723
128.0 nan nan
129.0 nan nan
130.0 nan nan
131.0 nan nan
132.0 nan nan
133.0 nan nan
134.0 nan nan
135.0 nan nan
136.0 nan nan
137.0 nan nan
138.0 nan nan
139.0 nan nan
140.0 nan nan
141.0 nan nan
142.0 nan nan
143.0 nan nan
144.0 nan nan
145.0 nan nan
146.0 nan nan
147.0 nan nan
148.0 nan nan
149.0 nan nan
150.0 nan nan
151.0 nan nan
152.0 nan nan
153.0 nan nan
154.0 nan nan
155.0 nan nan
156.0 nan nan
157.0 nan nan
158.0 nan nan
159.0 nan nan
160.0 nan nan
161.0 nan nan
162.0 nan nan
163.0 nan nan
164.0 nan nan
165.0 nan nan
166.0 nan nan
167.0 nan nan
168.0 nan nan
169.0 nan nan
170.0 nan nan
171.0 nan nan
172.0 nan nan
173.0 nan nan
174.0 nan nan
175.0 nan nan
176.0 nan nan
177.0 nan nan
178.0 nan nan
179.0 nan nan
180.0 nan nan
181.0 nan nan
182.0 nan nan
183.0 nan nan
184.0 nan nan
185.0 nan nan
186.0 nan nan
187.0 nan nan
188.0 nan nan
189.0 nan nan
190.0 nan nan
191.0 nan nan
192.0 nan nan
193.0 nan nan
194.0 nan nan
195.0 nan nan
196.0 nan nan
197.0 nan nan
198.0 nan nan
199.0 nan nan
200.0 nan nan
201.0 nan nan
202.0 nan nan
203.0 nan nan
204.0 nan nan
205.0 nan nan
206.0 nan nan
207.0 nan nan
208.0 nan nan
209.0 nan nan
210.0 nan nan
211.0 nan nan
212.0 nan nan
213.0 nan nan
214.0 nan nan
215.0 nan nan
216.0 nan nan
217.0 nan nan
218.0 nan nan
219.0 nan nan
220.0 nan nan
221.0 nan nan
222.0 nan nan
223.0 nan nan
224.0 nan nan
225.0 nan nan
226.0 nan nan
227.0 nan nan
228.0 nan nan
229.0 nan nan
230.0 nan nan
231.0 nan nan
232.0 nan nan
233.0 nan nan
234.0 nan nan
235.0 nan nan
236.0 nan nan
237.0 nan nan
238.0 nan nan
239.0 nan nan
240.0 nan nan
241.0 nan nan
242.0 nan nan
243.0 nan nan
244.0 nan nan
245.0 nan nan
246.0 nan nan
247.0 nan nan
248.0 nan nan
249.0 nan nan
250.0 nan nan
251.0 nan nan
252.0 nan nan
253.0 nan nan
254.0 nan nan
255.0 nan nan
