0.0 0.0 0.0
1.0 1.22675044883 1.8198236061
2.0 1.18737071702 1.7818798823
3.0 2.18989268271 3.29819561347
4.0 2.32739213227 3.64922445289
5.0 3.53856357087 4.89301983639
6.0 3.88508041083 5.25380109582
7.0 4.96042488126 6.19368959129
8.0 5.0671197655 6.62385554785
9.0 6.02056068936 7.62274396467
10.0 6.48739367952 7.92078952588
11.0 7.13651944991 8.66791749866
12.0 7.76322600737 8.91481873753
13.0 8.32230879593 9.67174137658
14.0 8.7334112563 10.1202631989
15.0 9.43266570035 10.9375307665
16.0 10.132998968 11.3877248896
17.0 10.9704433782 11.8689096364
18.0 10.9879008794 12.0666986969
19.0 11.5033434397 12.9325303458
20.0 12.4254025381 13.2106521084
21.0 13.3625925324 14.1261620644
22.0 13.6425007869 14.1826752161
23.0 13.9953158118 14.6712305461
24.0 14.2640000328 15.014759396
25.0 15.0058143588 15.4759161627
26.0 15.1695083918 16.0177719376
27.0 15.9418416202 16.1582451488
28.0 16.2075953394 16.1859713159
29.0 16.8960927186 17.5976526164
30.0 17.2272924183 17.2911253286
31.0 17.9108130801 18.4779705454
32.0 18.4401904968 18.2444357566
33.0 18.2335640209 18.7777875283
34.0 18.877239397 18.86348128
35.0 19.3816912074 19.3299221699
36.0 19.5285514754 19.4895968777
37.0 20.2516964442 20.2562101191
38.0 21.251912295 21.0593643084
39.0 21.0845561418 20.5941960053
40.0 22.0171956403 21.4420836355
41.0 21.7392112315 22.2607419732
42.0 22.5104555443 22.2758383911
43.0 23.2151119762 22.6921193552
44.0 22.8633850035 23.4120389231
45.0 23.1489075086 23.5498132307
46.0 23.6498122832 24.1591168357
47.0 24.2025934191 24.0092348715
48.0 24.2644775743 24.4582713542
49.0 24.4173638569 24.4770493569
50.0 25.2748759262 24.8912341395
51.0 26.0095173466 26.0471884547
52.0 26.2510599618 25.2020358957
53.0 26.7079567129 26.3118535044
54.0 26.0648924542 25.8227446099
55.0 27.0489998899 26.4481692755
56.0 27.1173705187 27.4969120575
57.0 27.2591966026 26.5650878477
58.0 28.3531013022 27.8069054533
59.0 29.0909509803 28.1501307009
60.0 29.1392259252 28.3436933469
61.0 28.8318609858 28.6435667592
62.0 28.3421801614 27.9753426707
63.0 29.8824015468 29.2323948932
64.0 29.2832402919 29.2688608019
65.0 30.7520642406 30.6751177542
66.0 30.5399782176 30.2742846644
67.0 30.8662691768 29.1803065307
68.0 30.9602053959 30.4765945737
69.0 31.2641980878 30.6781649638
70.0 31.589179782 30.6671046143
71.0 31.8585807412 30.811355544
72.0 32.8373378162 32.8306814206
73.0 31.8893169254 31.7662822302
74.0 32.8003472317 32.1705273557
75.0 32.6193110734 32.3691032651
76.0 32.8367606079 32.0892998605
77.0 33.2966019843 32.6400911267
78.0 34.0423196793 33.2614418128
79.0 33.3122608747 33.4897006804
80.0 33.7902725036 34.0404504203
81.0 34.2340354693 33.1695581996
82.0 34.4282171028 35.2215060203
83.0 33.9532013028 33.7606880274
84.0 34.6075732409 34.2847581652
85.0 35.417293033 34.2367939062
86.0 34.2994905921 35.1241613672
87.0 35.424602501 36.0401702405
88.0 36.9089133245 35.3367508351
89.0 35.5409743855 36.1586016106
90.0 35.7614710389 36.2941616311
91.0 36.6469293089 36.0388486266
92.0 37.0816709734 36.3225832987
93.0 37.5039138656 35.3114154009
94.0 36.1981953914 36.4798684295
95.0 36.9646230835 36.7051115408
96.0 37.6960908426 37.4891934524
97.0 37.4414345594 37.5534114636
98.0 37.6148249098 37.5763223146
99.0 37.7956118771 38.2475427801
100.0 37.4744117283 38.2462059695
101.0 37.4084059554 38.9410421015
102.0 38.2673970704 37.7560608338
103.0 38.6049663602 38.2005425177
104.0 38.3142019767 38.9666669296
105.0 38.1145707098 38.7702319054
106.0 39.9312443087 39.1473839082
107.0 38.4382132894 38.5126701846
108.0 39.9061122155 40.0849159977
109.0 39.3537616823 38.7887858873
110.0 38.8947363084 41.2795091378
111.0 39.962254171 39.1865214445
112.0 40.4127782925 39.5727683223
113.0 39.6181621912 39.4534161526
114.0 41.7145276865 40.6906381302
115.0 41.1436053272 41.7952740441
116.0 39.7875685752 41.1767901724
117.0 39.9116638134 41.6444585002
118.0 40.7416086106 41.7977601228
119.0 41.024972077 42.2008170363
120.0 41.1789702731 40.8404543604
121.0 40.5859893342 41.6589365698
122.0 40.8015383833 42.1132880667
123.0 40.3861341562 42.287122833
124.0 41.3903487829 41.7599130422
125.0 40.8627359885 42.7585880546
126.0 40.5641821327 43.4537392928
127.0 40.3149934498 43.6305568949
128.0 nan nan
129.0 nan nan
130.0 nan nan
131.0 nan nan
132.0 nan nan
133.0 nan nan
134.0 nan nan
135.0 nan nan
136.0 nan nan
137.0 nan nan
138.0 nan nan
139.0 nan nan
140.0 nan nan
141.0 nan nan
142.0 nan nan
143.0 nan nan
144.0 nan nan
145.0 nan nan
146.0 nan nan
147.0 nan nan
148.0 nan nan
149.0 nan nan
150.0 nan nan
151.0 nan nan
152.0 nan nan
153.0 nan nan
154.0 nan nan
155.0 nan nan
156.0 nan nan
157.0 nan nan
158.0 nan nan
159.0 nan nan
160.0 nan nan
161.0 nan nan
162.0 nan nan
163.0 nan nan
164.0 nan nan
165.0 nan nan
166.0 nan nan
167.0 nan nan
168.0 nan nan
169.0 nan nan
170.0 nan nan
171.0 nan nan
172.0 nan nan
173.0 nan nan
174.0 nan nan
175.0 nan nan
176.0 nan nan
177.0 nan nan
178.0 nan nan
179.0 nan nan
180.0 nan nan
181.0 nan nan
182.0 nan nan
183.0 nan nan
184.0 nan nan
185.0 nan nan
186.0 nan nan
187.0 nan nan
188.0 nan nan
189.0 nan nan
190.0 nan nan
191.0 nan nan
192.0 nan nan
193.0 nan nan
194.0 nan nan
195.0 nan nan
196.0 nan nan
197.0 nan nan
198.0 nan nan
199.0 nan nan
200.0 nan nan
201.0 nan nan
202.0 nan nan
203.0 nan nan
204.0 nan nan
205.0 nan nan
206.0 nan nan
207.0 nan nan
208.0 nan nan
209.0 nan nan
210.0 nan nan
211.0 nan nan
212.0 nan nan
213.0 nan nan
214.0 nan nan
215.0 nan nan
216.0 nan nan
217.0 nan nan
218.0 nan nan
219.0 nan nan
220.0 nan nan
221.0 nan nan
222.0 nan nan
223.0 nan nan
224.0 nan nan
225.0 nan nan
226.0 nan nan
227.0 nan nan
228.0 nan nan
229.0 nan nan
230.0 nan nan
231.0 nan nan
232.0 nan nan
233.0 nan nan
234.0 nan nan
235.0 nan nan
236.0 nan nan
237.0 nan nan
238.0 nan nan
239.0 nan nan
240.0 nan nan
241.0 nan nan
242.0 nan nan
243.0 nan nan
244.0 nan nan
245.0 nan nan
246.0 nan nan
247.0 nan nan
248.0 nan nan
249.0 nan nan
250.0 nan nan
251.0 nan nan
252.0 nan nan
253.0 nan nan
254.0 nan nan
255.0 nan nan
