0.0 0.0 0.0
1.0 1.11887922509 1.60196387427
2.0 1.12200779987 1.62311899652
3.0 2.12501742525 3.24951887341
4.0 2.26236032306 3.52745322228
5.0 3.4235331299 4.88520981418
6.0 3.90115399885 5.1760777656
7.0 4.94953677048 6.17318005201
8.0 5.02048343083 6.58903907861
9.0 6.01791599064 7.55313486785
10.0 6.54867934269 7.81900694037
11.0 7.17649735062 8.64930576457
12.0 7.6581502087 8.95616493519
13.0 8.23077794025 9.82004662021
14.0 8.79997967299 10.2001366563
15.0 9.41736520232 10.8551760348
16.0 10.1297469105 11.2687079381
17.0 10.9381364305 11.7283644432
18.0 11.0538428466 12.1096883934
19.0 11.5948402914 13.0358059737
20.0 12.3219561453 13.1811805681
21.0 13.278463306 13.9688901235
22.0 13.6876319116 14.1921985105
23.0 14.0364931795 14.8915925165
24.0 14.314891176 14.9893226394
25.0 15.1337656846 15.5307288051
26.0 15.1828984662 16.18301878
27.0 15.8089549807 16.1740913728
28.0 16.1646977605 16.1466830922
29.0 16.8618688852 17.6522012895
30.0 17.263663364 17.4624135227
31.0 17.7986544062 18.4664232381
32.0 18.3225402302 18.1504062744
33.0 18.4476919164 18.9100763571
34.0 18.9176932693 18.7511731194
35.0 19.4445934518 19.2157646597
36.0 19.5808924319 19.3317390613
37.0 20.1114370357 20.1667512692
38.0 21.3463313882 21.1485216883
39.0 20.8811021022 20.515319147
40.0 22.0432328675 21.5470066131
41.0 21.7465027417 22.0998879701
42.0 22.5600420439 22.4480343826
43.0 23.2005400993 22.5704069223
44.0 22.8424109479 23.3781717117
45.0 23.0891283352 23.6920074842
46.0 23.7857265216 24.1377569225
47.0 24.0427270701 23.9901445163
48.0 24.2861702251 24.5262103087
49.0 24.2883442511 24.2653679938
50.0 25.401887469 24.9827659733
51.0 25.6952942536 25.9799639201
52.0 26.3453140948 25.1268632691
53.0 26.6284385832 26.4863448473
54.0 25.8256088641 25.8013517594
55.0 27.0170371339 26.4973764243
56.0 27.3701091081 27.5808285208
57.0 27.0407130532 26.8701831246
58.0 28.2880726618 27.9539278396
59.0 28.8634417786 28.0559416875
60.0 29.3921746432 28.429164468
61.0 28.6397948763 28.5859204527
62.0 28.3226763053 27.9887321238
63.0 29.870523426 29.0753058278
64.0 29.5519973204 29.4573754858
65.0 30.646288863 30.4435353278
66.0 30.3523557657 30.1629003056
67.0 30.9847803545 29.2908787235
68.0 31.1916700142 30.4701691077
69.0 31.4936260052 30.510795652
70.0 31.683962439 30.5972097801
71.0 31.7540559381 30.705801466
72.0 32.7675563151 32.9054384152
73.0 32.0586413512 32.1618432198
74.0 32.6023474031 32.159314447
75.0 32.6233931818 32.5955662265
76.0 33.1103861776 32.1335100865
77.0 33.1915263466 32.5739847899
78.0 33.8465375767 33.2035018734
79.0 33.3638928672 33.3060999971
80.0 33.8811821301 34.1281264858
81.0 34.1005309094 33.1282820017
82.0 34.8536949253 35.3058346681
83.0 33.9865168611 33.9055121624
84.0 34.7362247817 34.393119028
85.0 35.3091597976 34.3777480784
86.0 34.3114490794 35.2190713846
87.0 35.4319840431 36.1707398699
88.0 37.0943251409 35.2028273699
89.0 35.5478922844 36.1813693314
90.0 35.6982715186 36.2146792524
91.0 36.6103424118 35.8324802557
92.0 37.1159108608 36.4471572323
93.0 37.5573419659 35.3179228412
94.0 36.3114370715 36.6310710682
95.0 37.0757606222 36.8159979213
96.0 37.7746410773 37.6718238615
97.0 37.5065506186 37.6069983386
98.0 37.4945943956 37.5455698444
99.0 37.9562013412 38.1980290425
100.0 37.6547879284 38.5159448241
101.0 37.2958230962 38.7971181532
102.0 38.0935836233 37.640993123
103.0 38.7805145633 38.1934234139
104.0 38.4776131874 38.9454764727
105.0 38.2721110498 38.8929560434
106.0 39.7724403209 39.382928661
107.0 38.6168647229 38.455197861
108.0 39.6066497702 40.20391187
109.0 39.3835904667 38.9235808368
110.0 38.905470315 41.5499497936
111.0 39.6929338918 39.2510193132
112.0 40.6184402963 39.841456692
113.0 39.7451869012 39.4946191176
114.0 41.6174942049 40.5225184476
115.0 40.9070510433 41.8520904155
116.0 39.952830249 41.1330904744
117.0 39.9168928458 41.5368411606
118.0 40.5382661528 41.7687831902
119.0 41.2880228591 42.4219131064
120.0 41.1295264658 40.8687576111
121.0 40.5858453795 41.6313519522
122.0 40.9720471759 41.913547025
123.0 40.4529062591 42.187568267
124.0 41.3315286774 42.1522337548
125.0 40.8375743943 42.8937670576
126.0 40.485793385 43.2375528355
127.0 40.4478842747 43.5873767909
128.0 nan nan
129.0 nan nan
130.0 nan nan
131.0 nan nan
132.0 nan nan
133.0 nan nan
134.0 nan nan
135.0 nan nan
136.0 nan nan
137.0 nan nan
138.0 nan nan
139.0 nan nan
140.0 nan nan
141.0 nan nan
142.0 nan nan
143.0 nan nan
144.0 nan nan
145.0 nan nan
146.0 nan nan
147.0 nan nan
148.0 nan nan
149.0 nan nan
150.0 nan nan
151.0 nan nan
152.0 nan nan
153.0 nan nan
154.0 nan nan
155.0 nan nan
156.0 nan nan
157.0 nan nan
158.0 nan nan
159.0 nan nan
160.0 nan nan
161.0 nan nan
162.0 nan nan
163.0 nan nan
164.0 nan nan
165.0 nan nan
166.0 nan nan
167.0 nan nan
168.0 nan nan
169.0 nan nan
170.0 nan nan
171.0 nan nan
172.0 nan nan
173.0 nan nan
174.0 nan nan
175.0 nan nan
176.0 nan nan
177.0 nan nan
178.0 nan nan
179.0 nan nan
180.0 nan nan
181.0 nan nan
182.0 nan nan
183.0 nan nan
184.0 nan nan
185.0 nan nan
186.0 nan nan
187.0 nan nan
188.0 nan nan
189.0 nan nan
190.0 nan nan
191.0 nan nan
192.0 nan nan
193.0 nan nan
194.0 nan nan
195.0 nan nan
196.0 nan nan
197.0 nan nan
198.0 nan nan
199.0 nan nan
200.0 nan nan
201.0 nan nan
202.0 nan nan
203.0 nan nan
204.0 nan nan
205.0 nan nan
206.0 nan nan
207.0 nan nan
208.0 nan nan
209.0 nan nan
210.0 nan nan
211.0 nan nan
212.0 nan nan
213.0 nan nan
214.0 nan nan
215.0 nan nan
216.0 nan nan
217.0 nan nan
218.0 nan nan
219.0 nan nan
220.0 nan nan
221.0 nan nan
222.0 nan nan
223.0 nan nan
224.0 nan nan
225.0 nan nan
226.0 nan nan
227.0 nan nan
228.0 nan nan
229.0 nan nan
230.0 nan nan
231.0 nan nan
232.0 nan nan
233.0 nan nan
234.0 nan nan
235.0 nan nan
236.0 nan nan
237.0 nan nan
238.0 nan nan
239.0 nan nan
240.0 nan nan
241.0 nan nan
242.0 nan nan
243.0 nan nan
244.0 nan nan
245.0 nan nan
246.0 nan nan
247.0 nan nan
248.0 nan nan
249.0 nan nan
250.0 nan nan
251.0 nan nan
252.0 nan nan
253.0 nan nan
254.0 nan nan
255.0 nan nan
