0.0 0.0 0.0
1.0 0.10593781415386837 1.0318698877900436
2.0 0.37377132293581705 1.0191353757550141
3.0 0.7140886531168633 2.2708177154862557
4.0 1.0715782137920058 2.385188387266621
5.0 1.4460275460251426 3.228153346658685
6.0 1.8091939556436174 3.5152172041512473
7.0 2.1535893622154036 4.14596000446385
8.0 2.5155604353542897 4.336059547172772
9.0 2.7408687198384025 4.774381910937086
10.0 3.153841297940391 5.054614745199033
11.0 3.459618039855832 5.490267113227658
12.0 3.829604322092147 5.606258522829906
13.0 3.984197402861145 6.044916478063462
14.0 4.408273598587965 6.31588680191803
15.0 4.528231012581295 6.587351407563516
16.0 4.954834052911065 6.804942391309963
17.0 5.054321017328242 7.206805814079351
18.0 5.299563338701791 7.306316841557115
19.0 5.612165716308268 7.558446087759994
20.0 5.8834576135793135 7.757705845130081
21.0 5.984490228720551 7.999630743549556
22.0 6.2572906126341845 8.238090225915043
23.0 6.506367392814484 8.377014064005447
24.0 6.671072945396752 8.614111152299902
25.0 6.939239597218084 8.935325391823664
26.0 7.081447665290183 8.83135893590359
27.0 7.309070555300368 9.038933327923495
28.0 7.306731863103794 9.14803624531529
29.0 7.453981655408335 9.251855358644935
30.0 7.651490837434762 9.640316599798854
31.0 8.06870859602351 9.900513953380138
32.0 nan nan
33.0 nan nan
34.0 nan nan
35.0 nan nan
36.0 nan nan
37.0 nan nan
38.0 nan nan
39.0 nan nan
40.0 nan nan
41.0 nan nan
42.0 nan nan
43.0 nan nan
44.0 nan nan
45.0 nan nan
46.0 nan nan
47.0 nan nan
48.0 nan nan
49.0 nan nan
50.0 nan nan
51.0 nan nan
52.0 nan nan
53.0 nan nan
54.0 nan nan
55.0 nan nan
56.0 nan nan
57.0 nan nan
58.0 nan nan
59.0 nan nan
60.0 nan nan
61.0 nan nan
62.0 nan nan
63.0 nan nan
