0.0 0.0 0.0
1.0 0.743482451032 1.05412818368
2.0 0.723023101429 1.06494280657
3.0 1.25641356315 2.19738619209
4.0 1.32982174 2.40342539695
5.0 2.1313217225 3.26585809521
6.0 2.31119660176 3.48657483439
7.0 2.8853226617 3.96019946609
8.0 2.9142591142 4.37333966848
9.0 3.59985247973 4.66127261942
10.0 3.81134642751 4.97216658179
11.0 4.13676577424 5.27569552241
12.0 4.42837636234 5.71958604267
13.0 4.8549652344 5.92025004296
14.0 5.09846388434 6.26071338279
15.0 5.51633653879 6.33428281996
16.0 5.7947163829 6.69758042987
17.0 5.8546045066 7.15299180715
18.0 6.09467199329 7.26193400681
19.0 6.67217288189 7.43706745954
20.0 6.72696249819 7.54745147548
21.0 7.00652465938 7.69217258261
22.0 7.21682000095 8.0865719236
23.0 7.65478250662 8.1526967298
24.0 7.66171622116 8.42284055488
25.0 8.04963140468 8.72818502887
26.0 8.08833160236 8.6842697419
27.0 8.48340266092 8.88381495802
28.0 8.4128816417 8.93373961345
29.0 8.88669747322 9.09122519883
30.0 9.00236227432 9.53011896691
31.0 9.04779033951 9.7148114841
32.0 nan nan
33.0 nan nan
34.0 nan nan
35.0 nan nan
36.0 nan nan
37.0 nan nan
38.0 nan nan
39.0 nan nan
40.0 nan nan
41.0 nan nan
42.0 nan nan
43.0 nan nan
44.0 nan nan
45.0 nan nan
46.0 nan nan
47.0 nan nan
48.0 nan nan
49.0 nan nan
50.0 nan nan
51.0 nan nan
52.0 nan nan
53.0 nan nan
54.0 nan nan
55.0 nan nan
56.0 nan nan
57.0 nan nan
58.0 nan nan
59.0 nan nan
60.0 nan nan
61.0 nan nan
62.0 nan nan
63.0 nan nan
