0.0 0.0 0.0
1.0 0.783781443316 1.18425969449
2.0 0.805033766787 1.20483367778
3.0 1.31847316154 2.25233715987
4.0 1.38774680468 2.39490085193
5.0 2.18604841445 3.30328339382
6.0 2.3515605778 3.53426226471
7.0 2.93264269784 3.99161365241
8.0 2.97067953073 4.39215441399
9.0 3.63054367129 4.64928948967
10.0 3.87597129896 4.97258498081
11.0 4.1419547407 5.32349301967
12.0 4.41898314591 5.74571379478
13.0 4.84923310923 5.95811552053
14.0 5.06975401263 6.31673463814
15.0 5.47074900521 6.44736210376
16.0 5.77729084611 6.68706888786
17.0 5.86544728649 7.09519042296
18.0 6.17820015376 7.27409399838
19.0 6.62887175341 7.38472866427
20.0 6.71919781325 7.59645033539
21.0 7.02933804134 7.76049620581
22.0 7.17973125517 8.01343970157
23.0 7.6102827987 8.31149809626
24.0 7.6550249481 8.3868857334
25.0 8.12918004386 8.59344410626
26.0 8.09436117672 8.63942926942
27.0 8.47263416217 8.8641983015
28.0 8.49903395232 8.92395683754
29.0 8.88725906318 9.07709046837
30.0 8.95997740107 9.64863711288
31.0 9.08779040474 9.64325655811
32.0 nan nan
33.0 nan nan
34.0 nan nan
35.0 nan nan
36.0 nan nan
37.0 nan nan
38.0 nan nan
39.0 nan nan
40.0 nan nan
41.0 nan nan
42.0 nan nan
43.0 nan nan
44.0 nan nan
45.0 nan nan
46.0 nan nan
47.0 nan nan
48.0 nan nan
49.0 nan nan
50.0 nan nan
51.0 nan nan
52.0 nan nan
53.0 nan nan
54.0 nan nan
55.0 nan nan
56.0 nan nan
57.0 nan nan
58.0 nan nan
59.0 nan nan
60.0 nan nan
61.0 nan nan
62.0 nan nan
63.0 nan nan
