0.0 0.0 0.0
1.0 0.0037390391043 0.00833471189902
2.0 0.0147769382156 0.0278573936838
3.0 0.0313211174623 0.0520820218717
4.0 0.0541721300315 0.0834306795635
5.0 0.0819568619682 0.115822598468
6.0 0.117357668251 0.156281975676
7.0 0.152567279967 0.199814233966
8.0 0.191287912613 0.249593980803
9.0 0.238868594979 0.286208249991
10.0 0.300028030003 0.342086734112
11.0 0.336417299483 0.382088742668
12.0 0.399680026813 0.444626702155
13.0 0.468447513117 0.508618090235
14.0 0.524979311429 0.572739139145
15.0 0.603112530819 0.628086108836
16.0 0.65858218036 0.683202111939
17.0 0.723177806935 0.739528662202
18.0 0.806102076107 0.836456850871
19.0 0.869423367534 0.877966962242
20.0 0.972225776216 0.945123357278
21.0 1.03946418398 1.01906965058
22.0 1.1021743885 1.09339063749
23.0 1.18852018352 1.19552101559
24.0 1.2680536033 1.25589792874
25.0 1.36597806896 1.26580535825
26.0 1.41464496691 1.42858646183
27.0 1.53268312038 1.46345908979
28.0 1.63222046779 1.56237175746
29.0 1.69293217712 1.64159058136
30.0 1.78339609357 1.74196173526
31.0 1.8722638224 1.81407219254
32.0 1.92622473015 1.87043800617
33.0 1.99941330953 1.97003313731
34.0 2.14606817735 2.03560431658
35.0 2.19331564569 2.07904787758
36.0 2.32227542908 2.21484151513
37.0 2.36985651559 2.34266078055
38.0 2.39833623249 2.41115530359
39.0 2.52479023254 2.55842871588
40.0 2.67406113575 2.54345543164
41.0 2.77322915955 2.64207113508
42.0 2.80961661929 2.72355131478
43.0 2.92774923115 2.87888029645
44.0 3.06181186601 2.90995386958
45.0 3.09283120004 3.03809906961
46.0 3.3172555881 3.11671872025
47.0 3.20370089311 3.17909736005
48.0 3.41211580265 3.30725278952
49.0 3.47642619007 3.41698961653
50.0 3.54080219067 3.48929536581
51.0 3.44011244253 3.52347657948
52.0 3.67580446692 3.74899029716
53.0 3.77392426494 3.83371459542
54.0 3.81646093587 3.93417959116
55.0 3.95533216686 4.0510055766
56.0 3.99270543904 4.16783322446
57.0 4.06027060256 4.13034251474
58.0 4.20845186055 4.29615225382
59.0 4.22300980761 4.27468944332
60.0 4.3005347196 4.53166722277
61.0 4.40794440785 4.56135062472
62.0 4.50310668007 4.64624133075
63.0 4.53438303777 4.68466278167
64.0 4.71858539265 4.93179287444
65.0 4.80236211316 4.96263267677
66.0 4.73538273942 5.0729110969
67.0 4.74321611419 5.12106166332
68.0 4.79761141392 5.35292762009
69.0 4.8125474828 5.3756319567
70.0 4.96789916187 5.39105899754
71.0 5.11435866636 5.57936147382
72.0 5.08762580685 5.49886524872
73.0 5.25752676908 5.97738926652
74.0 5.39917976996 5.99400722823
75.0 5.41337768743 6.09622677998
76.0 5.39789133077 5.98028999889
77.0 5.62181681954 6.28210090336
78.0 5.55196453522 6.33726008573
79.0 5.53975684058 6.48976885693
80.0 5.65251108357 6.50678535351
81.0 5.7059110472 6.62490955371
82.0 5.75784401312 6.6527585727
83.0 5.77795845968 6.88217881706
84.0 5.86464184838 6.89950430338
85.0 5.90356031981 6.92456896199
86.0 6.08827461072 7.02618433965
87.0 6.01521911415 7.22266795361
88.0 6.21788506861 7.47312436554
89.0 6.10149826812 7.50946365534
90.0 6.15381465532 7.60909200093
91.0 6.22098072977 7.58375384281
92.0 6.27037497706 7.76131668751
93.0 6.24283877508 8.05740115293
94.0 6.32586263074 8.09152994449
95.0 6.53256838376 8.11074733323
96.0 6.49988253269 8.01484773922
97.0 6.37878146108 8.06013268356
98.0 6.50229831985 8.44065428923
99.0 6.58703985375 8.29320245965
100.0 6.69406734672 8.8206105455
101.0 6.77376305921 8.64769248295
102.0 6.82284380049 8.68847568972
103.0 6.7453728655 8.94332848007
104.0 6.76590001731 9.23449743025
105.0 6.89570761353 9.07465318243
106.0 6.97084982952 9.15548568183
107.0 7.04246760635 9.12804079602
108.0 6.97178959457 9.45969149759
109.0 7.16841983145 9.55931513377
110.0 7.08788071869 9.38593045147
111.0 7.14066039689 9.88147145047
112.0 7.09367655331 9.96660774934
113.0 7.07568727844 9.84688055981
114.0 7.21752886474 10.1674970911
115.0 7.29680203858 10.2605665177
116.0 7.13913262168 10.0627976642
117.0 7.24327464163 10.4923223981
118.0 7.50126633382 10.3291098528
119.0 7.43055958355 10.5065489614
120.0 7.36139292908 10.744696794
121.0 7.57524794565 10.8422651422
122.0 7.6243869761 11.0074525843
123.0 7.41812561143 10.9930040957
124.0 7.62283424677 10.8958817991
125.0 7.67650090728 11.0007551251
126.0 7.50242436649 11.0586963737
127.0 7.59766339445 11.3340503099
128.0 nan nan
129.0 nan nan
130.0 nan nan
131.0 nan nan
132.0 nan nan
133.0 nan nan
134.0 nan nan
135.0 nan nan
136.0 nan nan
137.0 nan nan
138.0 nan nan
139.0 nan nan
140.0 nan nan
141.0 nan nan
142.0 nan nan
143.0 nan nan
144.0 nan nan
145.0 nan nan
146.0 nan nan
147.0 nan nan
148.0 nan nan
149.0 nan nan
150.0 nan nan
151.0 nan nan
152.0 nan nan
153.0 nan nan
154.0 nan nan
155.0 nan nan
156.0 nan nan
157.0 nan nan
158.0 nan nan
159.0 nan nan
160.0 nan nan
161.0 nan nan
162.0 nan nan
163.0 nan nan
164.0 nan nan
165.0 nan nan
166.0 nan nan
167.0 nan nan
168.0 nan nan
169.0 nan nan
170.0 nan nan
171.0 nan nan
172.0 nan nan
173.0 nan nan
174.0 nan nan
175.0 nan nan
176.0 nan nan
177.0 nan nan
178.0 nan nan
179.0 nan nan
180.0 nan nan
181.0 nan nan
182.0 nan nan
183.0 nan nan
184.0 nan nan
185.0 nan nan
186.0 nan nan
187.0 nan nan
188.0 nan nan
189.0 nan nan
190.0 nan nan
191.0 nan nan
192.0 nan nan
193.0 nan nan
194.0 nan nan
195.0 nan nan
196.0 nan nan
197.0 nan nan
198.0 nan nan
199.0 nan nan
200.0 nan nan
201.0 nan nan
202.0 nan nan
203.0 nan nan
204.0 nan nan
205.0 nan nan
206.0 nan nan
207.0 nan nan
208.0 nan nan
209.0 nan nan
210.0 nan nan
211.0 nan nan
212.0 nan nan
213.0 nan nan
214.0 nan nan
215.0 nan nan
216.0 nan nan
217.0 nan nan
218.0 nan nan
219.0 nan nan
220.0 nan nan
221.0 nan nan
222.0 nan nan
223.0 nan nan
224.0 nan nan
225.0 nan nan
226.0 nan nan
227.0 nan nan
228.0 nan nan
229.0 nan nan
230.0 nan nan
231.0 nan nan
232.0 nan nan
233.0 nan nan
234.0 nan nan
235.0 nan nan
236.0 nan nan
237.0 nan nan
238.0 nan nan
239.0 nan nan
240.0 nan nan
241.0 nan nan
242.0 nan nan
243.0 nan nan
244.0 nan nan
245.0 nan nan
246.0 nan nan
247.0 nan nan
248.0 nan nan
249.0 nan nan
250.0 nan nan
251.0 nan nan
252.0 nan nan
253.0 nan nan
254.0 nan nan
255.0 nan nan
