0.0 0.0 0.0
1.0 0.006493506245177949 0.017665752662454164
2.0 0.006303277410078921 0.01796920718722374
3.0 0.033905805504988666 0.07381517630699974
4.0 0.032426779514482584 0.08112260976106922
5.0 0.07110390026017681 0.16170823999494954
6.0 0.0829413173638187 0.19024403631365003
7.0 0.13512403451947866 0.26495649699822954
8.0 0.14396758734085152 0.2968980809099591
9.0 0.2049013956377688 0.40098082420873815
10.0 0.22752117047852238 0.4351204611098894
11.0 0.28163026909021327 0.5031323414880374
12.0 0.32252331831679487 0.5747091388812874
13.0 0.3931811514487359 0.6781607221418057
14.0 0.4242765524610465 0.7264228361409997
15.0 0.5077652655820544 0.8482933009816847
16.0 0.5269378285218524 0.9080800772872081
17.0 0.6127499432344026 1.0461942866295801
18.0 0.6448959290568342 1.092954576324378
19.0 0.7297640136488142 1.1952173268969213
20.0 0.8016212570268214 1.261697085497945
21.0 0.8996804718123255 1.429285206820758
22.0 0.927628892234215 1.4690323375899257
23.0 1.012446369216628 1.6335137446921668
24.0 1.050941816282122 1.6966781534163722
25.0 1.176782243303715 1.7599523720365429
26.0 1.216194770452187 1.9133137608614414
27.0 1.3125198630260297 1.9890947287619143
28.0 1.4132258438726044 2.155629971455845
29.0 1.4735611951095593 2.2550165702385
30.0 1.5147134900213368 2.4014504782734463
31.0 1.640932098872339 2.496350875489164
32.0 1.6492442059655807 2.534319727711339
33.0 1.7440621913424126 2.676409551475542
34.0 1.8356675166659668 2.6946032141363214
35.0 1.9250705729771118 2.914543037998464
36.0 2.0104984810602415 3.056612938391542
37.0 2.061354502374369 3.1897920583588575
38.0 2.117634508642644 3.22819763922419
39.0 2.2234011013887107 3.442422510404545
40.0 2.3384765370027094 3.5095849198080367
41.0 2.4368605542590673 3.6378038218534443
42.0 2.5267250464620363 3.6932806513055096
43.0 2.624562832800857 3.9551290988380003
44.0 2.6857108119707145 3.9411335712721614
45.0 2.715717541721706 4.124497272231302
46.0 2.9505911611887763 4.3327634057268005
47.0 2.8970791535181246 4.318571010303568
48.0 3.0042337580048333 4.337172037219438
49.0 3.164372320569851 4.677094584527421
50.0 3.188032635065086 4.802279744284445
51.0 3.160334111645917 4.791010244466386
52.0 3.283071578294055 4.992761515165063
53.0 3.4973266638350258 5.1394973260553956
54.0 3.4063510379467594 5.235071590640231
55.0 3.583962406478246 5.438117050193697
56.0 3.592321340588325 5.6046752145841925
57.0 3.7096407898110826 5.50326941819566
58.0 3.8225870883795467 5.718993647377951
59.0 3.8502454768772463 5.751088640661255
60.0 3.9048022121385766 5.994375764774809
61.0 4.04378712094872 6.181749843048271
62.0 4.074840346153682 6.134017887708841
63.0 4.174052811556456 6.3283196003639
64.0 4.316891105639484 6.512540929949279
65.0 4.371983161224403 6.610712833800705
66.0 4.353040775419149 6.660733502866872
67.0 4.370149665909262 6.814384625475155
68.0 4.455212605312649 7.024340226874557
69.0 4.51232710199192 6.971086989632288
70.0 4.613196462314794 7.143050848269943
71.0 4.764075913846729 7.27889040685922
72.0 4.758022027827562 7.188758001406242
73.0 4.917977240294446 7.786338515616493
74.0 5.073697684181436 7.950332384662985
75.0 5.059265043995455 7.967024846348472
76.0 5.099961735650459 8.020713214634744
77.0 5.2853982308350735 8.29887013421541
78.0 5.175937003599815 8.095384852256583
79.0 5.238090228601047 8.37968689436193
80.0 5.260916666584161 8.483086098708329
81.0 5.47062995993469 8.522770117196401
82.0 5.477124307671958 8.77801286050735
83.0 5.437196792920456 8.862493482849157
84.0 5.488861516725477 8.801924362281667
85.0 5.602217039000209 9.005776954710011
86.0 5.773665252323218 9.103724872332217
87.0 5.705320866751081 9.451364982193299
88.0 5.9016245081493395 9.594709279744153
89.0 5.744657361946749 9.467877743800457
90.0 5.803996512848 9.675205849388654
91.0 5.828445858708499 9.721998017828957
92.0 6.002370282782522 9.888044352098113
93.0 5.947400584092737 10.132072175889652
94.0 6.112910033459986 10.331171823923526
95.0 6.18402669201922 10.447452585906756
96.0 6.220360359093505 10.210170637297251
97.0 6.087921310257693 10.31953449386848
98.0 6.169750679636584 10.56853491926281
99.0 6.267796971359641 10.76963503950683
100.0 6.372088478099904 11.179278819757961
101.0 6.445699681907044 10.881360225710287
102.0 6.626549638631744 10.90692100506295
103.0 6.607975814508871 11.238026703675942
104.0 6.554979827474245 11.616799918159181
105.0 6.626836212878779 11.581063315059591
106.0 6.731339846633127 11.4006313297847
107.0 6.788183851722196 11.414240895684369
108.0 6.731662033014998 11.692760797200986
109.0 6.9013988924622 11.838203705384004
110.0 6.758027974898151 11.714177141873561
111.0 6.78843090749736 12.402885763734522
112.0 6.795806791049091 12.404885592565481
113.0 6.797865247974985 12.116991097404682
114.0 7.007925051651633 12.463059040591377
115.0 7.080745517079163 12.613885589125388
116.0 6.848419803831439 12.367532078439192
117.0 6.980955474372267 12.787505021962755
118.0 7.249194394251285 12.768747297181106
119.0 7.17619429947978 12.75861832333803
120.0 7.190927324183651 13.080686488534594
121.0 7.2663979886927645 13.070260080954327
122.0 7.305962802263055 13.496953127875202
123.0 7.269844845875818 13.354627069704557
124.0 7.404181987106901 13.071759277604915
125.0 7.352890261416684 13.58624850193187
126.0 7.2933484888555675 13.572491251747898
127.0 7.304108208240227 13.661753242163257
128.0 nan nan
129.0 nan nan
130.0 nan nan
131.0 nan nan
132.0 nan nan
133.0 nan nan
134.0 nan nan
135.0 nan nan
136.0 nan nan
137.0 nan nan
138.0 nan nan
139.0 nan nan
140.0 nan nan
141.0 nan nan
142.0 nan nan
143.0 nan nan
144.0 nan nan
145.0 nan nan
146.0 nan nan
147.0 nan nan
148.0 nan nan
149.0 nan nan
150.0 nan nan
151.0 nan nan
152.0 nan nan
153.0 nan nan
154.0 nan nan
155.0 nan nan
156.0 nan nan
157.0 nan nan
158.0 nan nan
159.0 nan nan
160.0 nan nan
161.0 nan nan
162.0 nan nan
163.0 nan nan
164.0 nan nan
165.0 nan nan
166.0 nan nan
167.0 nan nan
168.0 nan nan
169.0 nan nan
170.0 nan nan
171.0 nan nan
172.0 nan nan
173.0 nan nan
174.0 nan nan
175.0 nan nan
176.0 nan nan
177.0 nan nan
178.0 nan nan
179.0 nan nan
180.0 nan nan
181.0 nan nan
182.0 nan nan
183.0 nan nan
184.0 nan nan
185.0 nan nan
186.0 nan nan
187.0 nan nan
188.0 nan nan
189.0 nan nan
190.0 nan nan
191.0 nan nan
192.0 nan nan
193.0 nan nan
194.0 nan nan
195.0 nan nan
196.0 nan nan
197.0 nan nan
198.0 nan nan
199.0 nan nan
200.0 nan nan
201.0 nan nan
202.0 nan nan
203.0 nan nan
204.0 nan nan
205.0 nan nan
206.0 nan nan
207.0 nan nan
208.0 nan nan
209.0 nan nan
210.0 nan nan
211.0 nan nan
212.0 nan nan
213.0 nan nan
214.0 nan nan
215.0 nan nan
216.0 nan nan
217.0 nan nan
218.0 nan nan
219.0 nan nan
220.0 nan nan
221.0 nan nan
222.0 nan nan
223.0 nan nan
224.0 nan nan
225.0 nan nan
226.0 nan nan
227.0 nan nan
228.0 nan nan
229.0 nan nan
230.0 nan nan
231.0 nan nan
232.0 nan nan
233.0 nan nan
234.0 nan nan
235.0 nan nan
236.0 nan nan
237.0 nan nan
238.0 nan nan
239.0 nan nan
240.0 nan nan
241.0 nan nan
242.0 nan nan
243.0 nan nan
244.0 nan nan
245.0 nan nan
246.0 nan nan
247.0 nan nan
248.0 nan nan
249.0 nan nan
250.0 nan nan
251.0 nan nan
252.0 nan nan
253.0 nan nan
254.0 nan nan
255.0 nan nan
