0.0 0.0 0.0
1.0 0.01135120578252462 0.012143423091733694
2.0 0.011764281853335886 0.012527188008991025
3.0 0.04010358457038777 0.05817129365742364
4.0 0.044531482295790445 0.061762134227806305
5.0 0.09494258408859962 0.12119911786212592
6.0 0.11298792945188554 0.13699439066176639
7.0 0.1686710127023083 0.21140449704129427
8.0 0.1746853515345616 0.2256088316417635
9.0 0.25083883685236436 0.3005290202030915
10.0 0.2839004157199564 0.3316521938320121
11.0 0.33981830956823794 0.3864793004034497
12.0 0.38913326114384755 0.4336914049317269
13.0 0.4653160765142453 0.5224607136886273
14.0 0.5022914091659383 0.5774380713042215
15.0 0.5920375210791888 0.6541606460434944
16.0 0.6262463664081813 0.694863778539609
17.0 0.7022267230930971 0.7809952740691121
18.0 0.7661952538460197 0.8531987272751345
19.0 0.8522609397313512 0.9199969122374961
20.0 0.9119168311155837 0.9624919769168276
21.0 1.0007904363866233 1.0902260368860404
22.0 1.048136717500981 1.1209562745423862
23.0 1.152286978808332 1.2608739045329727
24.0 1.197598746437612 1.3017867170148751
25.0 1.2972492162207703 1.3515871163132578
26.0 1.3446058287714728 1.4883957350965165
27.0 1.457083287543561 1.551044520478723
28.0 1.51005831919603 1.6571066424401546
29.0 1.6282093328729925 1.718059432712482
30.0 1.6642613019926307 1.8334806735738642
31.0 1.7652045979388087 1.946679622187769
32.0 1.8048223952536766 1.9518012980651496
33.0 1.884998041793618 2.080909885358951
34.0 1.9887643113348807 2.153815827235649
35.0 2.0267994851863835 2.2352446793782437
36.0 2.1412159919954097 2.351681866275435
37.0 2.208893027655211 2.5050201492156803
38.0 2.2226253602138697 2.554849789827843
39.0 2.407529996133089 2.6666075258294857
40.0 2.429862646257357 2.7349513674973585
41.0 2.58266013395102 2.846441720318514
42.0 2.587769818132851 2.8891736223406355
43.0 2.7065773826166857 3.092811582700443
44.0 2.777980453166632 3.14220875128537
45.0 2.8369157433563315 3.2761328854994294
46.0 2.9696907789427924 3.3851881917310513
47.0 2.9321005754806357 3.436216009330044
48.0 3.104732502274433 3.5568221956481407
49.0 3.174926188266089 3.6902169453457936
50.0 3.157785190523914 3.784412644948274
51.0 3.1794477766401674 3.7996824708064065
52.0 3.3362384175882456 3.987624346967533
53.0 3.4182924483219024 4.151121805101023
54.0 3.4392806990661113 4.226178965073394
55.0 3.5497397002974562 4.406010408649837
56.0 3.5636076416562434 4.473423699841299
57.0 3.666838341780963 4.452103395387462
58.0 3.706426772329438 4.648187397114508
59.0 3.8377828811731276 4.639279314335613
60.0 3.8496231261114144 4.821725758563621
61.0 3.952111814333651 4.96967618266046
62.0 3.9194018315568666 5.073764795721383
63.0 3.946846374480584 5.144461711904565
64.0 4.251245929161004 5.21788925197389
65.0 4.2341580218678665 5.3964192751460685
66.0 4.21654081978771 5.482277322919543
67.0 4.294330816611225 5.487012827588426
68.0 4.273218608957775 5.746408645513026
69.0 4.306281049813113 5.709138791802703
70.0 4.379352647516632 5.7951650219683035
71.0 4.523068052910705 5.999283104563983
72.0 4.491739248169104 5.959536156889954
73.0 4.6012538363498 6.510677635243689
74.0 4.736037800356463 6.5025713018799065
75.0 4.754932087829878 6.665577981681509
76.0 4.604228306105425 6.569494487922038
77.0 4.831556612987727 6.90599069018211
78.0 4.849604955701649 6.843822693081174
79.0 4.801342108256069 7.060300830378464
80.0 4.855032787371988 6.992326033705939
81.0 4.963248932684821 7.1744499521106455
82.0 4.985634989436887 7.35029232359487
83.0 4.931011578229384 7.5278972199634575
84.0 5.001295894000886 7.5359023687749795
85.0 5.025148017941197 7.644569246304693
86.0 5.207034378790422 7.617427381385046
87.0 5.151074895268578 7.952830919491834
88.0 5.331418057426322 8.1779521537252
89.0 5.095371503685684 8.241729215248466
90.0 5.231583839013005 8.280260090452888
91.0 5.1908336936636275 8.359494874660223
92.0 5.3218574144796555 8.393161862324629
93.0 5.202599824689355 8.844563726190668
94.0 5.385528586148438 8.916395504253273
95.0 5.400412301390052 9.051808226187813
96.0 5.434483158979521 8.903236224121223
97.0 5.364832486480405 8.843883645838392
98.0 5.379731270432184 9.237744896164577
99.0 5.459736621722317 9.262987646736667
100.0 5.4965710773536465 9.671953081016039
101.0 5.49807206723229 9.540408512275276
102.0 5.658758621964516 9.576689241797684
103.0 5.688515391010754 9.886999804553591
104.0 5.532553210748475 10.147693062783368
105.0 5.780526947612397 10.092964474889477
106.0 5.688094541829835 10.16185688798576
107.0 5.7669295704392605 10.07499844080566
108.0 5.679037854181243 10.457518908869444
109.0 5.79635863516685 10.590461064242142
110.0 5.699101895683547 10.418408430104497
111.0 5.731630241494064 11.095744549504632
112.0 5.731371493804255 11.034240086090268
113.0 5.774366537469443 10.941159079327305
114.0 5.931396484207458 11.316750153322609
115.0 5.896845889692904 11.424240238625934
116.0 5.830344978361397 11.28441317438859
117.0 5.960682829182912 11.499945909864179
118.0 6.029176670239181 11.523795073891053
119.0 6.0274169170472724 11.600946027072407
120.0 5.993670469162876 11.948412441383619
121.0 6.084036798793065 11.976691213123223
122.0 6.061572129486196 12.362775966125357
123.0 6.110940277902937 12.26154304243029
124.0 6.136662664171503 12.076476681147145
125.0 6.144957459330688 12.403515624614833
126.0 6.101094262489765 12.364660091812857
127.0 6.200677052363646 12.561171890904115
128.0 nan nan
129.0 nan nan
130.0 nan nan
131.0 nan nan
132.0 nan nan
133.0 nan nan
134.0 nan nan
135.0 nan nan
136.0 nan nan
137.0 nan nan
138.0 nan nan
139.0 nan nan
140.0 nan nan
141.0 nan nan
142.0 nan nan
143.0 nan nan
144.0 nan nan
145.0 nan nan
146.0 nan nan
147.0 nan nan
148.0 nan nan
149.0 nan nan
150.0 nan nan
151.0 nan nan
152.0 nan nan
153.0 nan nan
154.0 nan nan
155.0 nan nan
156.0 nan nan
157.0 nan nan
158.0 nan nan
159.0 nan nan
160.0 nan nan
161.0 nan nan
162.0 nan nan
163.0 nan nan
164.0 nan nan
165.0 nan nan
166.0 nan nan
167.0 nan nan
168.0 nan nan
169.0 nan nan
170.0 nan nan
171.0 nan nan
172.0 nan nan
173.0 nan nan
174.0 nan nan
175.0 nan nan
176.0 nan nan
177.0 nan nan
178.0 nan nan
179.0 nan nan
180.0 nan nan
181.0 nan nan
182.0 nan nan
183.0 nan nan
184.0 nan nan
185.0 nan nan
186.0 nan nan
187.0 nan nan
188.0 nan nan
189.0 nan nan
190.0 nan nan
191.0 nan nan
192.0 nan nan
193.0 nan nan
194.0 nan nan
195.0 nan nan
196.0 nan nan
197.0 nan nan
198.0 nan nan
199.0 nan nan
200.0 nan nan
201.0 nan nan
202.0 nan nan
203.0 nan nan
204.0 nan nan
205.0 nan nan
206.0 nan nan
207.0 nan nan
208.0 nan nan
209.0 nan nan
210.0 nan nan
211.0 nan nan
212.0 nan nan
213.0 nan nan
214.0 nan nan
215.0 nan nan
216.0 nan nan
217.0 nan nan
218.0 nan nan
219.0 nan nan
220.0 nan nan
221.0 nan nan
222.0 nan nan
223.0 nan nan
224.0 nan nan
225.0 nan nan
226.0 nan nan
227.0 nan nan
228.0 nan nan
229.0 nan nan
230.0 nan nan
231.0 nan nan
232.0 nan nan
233.0 nan nan
234.0 nan nan
235.0 nan nan
236.0 nan nan
237.0 nan nan
238.0 nan nan
239.0 nan nan
240.0 nan nan
241.0 nan nan
242.0 nan nan
243.0 nan nan
244.0 nan nan
245.0 nan nan
246.0 nan nan
247.0 nan nan
248.0 nan nan
249.0 nan nan
250.0 nan nan
251.0 nan nan
252.0 nan nan
253.0 nan nan
254.0 nan nan
255.0 nan nan
