0.0 0.0 0.0
1.0 0.003739039104296838 0.008334711899019175
2.0 0.01477693821556472 0.027857393683831264
3.0 0.03132111746230151 0.05208202187170033
4.0 0.054172130031548395 0.0834306795635322
5.0 0.08195686196817716 0.11582259846759166
6.0 0.11735766825104563 0.15628197567613705
7.0 0.15256727996669012 0.19981423396642572
8.0 0.19128791261269176 0.24959398080278838
9.0 0.23886859497872964 0.2862082499907839
10.0 0.3000280300030362 0.3420867341119509
11.0 0.3364172994833362 0.3820887426682006
12.0 0.3996800268130366 0.4446267021551102
13.0 0.4684475131173936 0.5086180902352753
14.0 0.5249793114289062 0.5727391391451221
15.0 0.603112530819299 0.6280861088357731
16.0 0.658582180360273 0.6832021119389321
17.0 0.7231778069354384 0.7395286622022659
18.0 0.8061020761074963 0.8364568508710496
19.0 0.8694233675337484 0.8779669622417811
20.0 0.972225776215997 0.9451233572780963
21.0 1.0394641839808516 1.019069650579174
22.0 1.1021743885003268 1.0933906374860012
23.0 1.1885201835231611 1.1955210155886358
24.0 1.2680536033032772 1.2558979287375522
25.0 1.3659780689590755 1.2658053582495743
26.0 1.4146449669126748 1.4285864618337538
27.0 1.5326831203824496 1.4634590897863402
28.0 1.632220467789246 1.56237175746
29.0 1.692932177118196 1.641590581356726
30.0 1.7833960935697637 1.7419617352614816
31.0 1.8722638223989725 1.8140721925383194
32.0 1.9262247301543085 1.8704380061651347
33.0 1.999413309526994 1.9700331373095117
34.0 2.1460681773542865 2.035604316576496
35.0 2.1933156456892986 2.079047877583166
36.0 2.3222754290789975 2.2148415151345864
37.0 2.369856515594777 2.3426607805461783
38.0 2.398336232485437 2.411155303588681
39.0 2.5247902325354983 2.558428715877733
40.0 2.674061135751301 2.543455431644506
41.0 2.773229159552934 2.6420711350751374
42.0 2.809616619293008 2.723551314783842
43.0 2.9277492311548095 2.878880296447819
44.0 3.061811866007509 2.909953869582768
45.0 3.0928312000367595 3.0380990696116057
46.0 3.317255588098606 3.1167187202451516
47.0 3.2037008931084925 3.1790973600516894
48.0 3.4121158026470417 3.307252789521091
49.0 3.4764261900688194 3.416989616525532
50.0 3.540802190670291 3.4892953658092947
51.0 3.4401124425307374 3.5234765794829013
52.0 3.675804466915026 3.748990297155211
53.0 3.77392426493722 3.8337145954224456
54.0 3.8164609358657433 3.9341795911552944
55.0 3.9553321668592325 4.051005576599314
56.0 3.9927054390390904 4.167833224462805
57.0 4.060270602555517 4.130342514744532
58.0 4.208451860550672 4.296152253823001
59.0 4.22300980760594 4.274689443316105
60.0 4.30053471960078 4.531667222770286
61.0 4.407944407850644 4.56135062472415
62.0 4.503106680074879 4.646241330749866
63.0 4.534383037772349 4.684662781671151
64.0 4.7185853926536865 4.931792874443735
65.0 4.802362113159895 4.962632676767496
66.0 4.735382739418122 5.072911096901299
67.0 4.743216114187336 5.121061663321581
68.0 4.79761141391741 5.352927620091681
69.0 4.812547482804113 5.375631956696909
70.0 4.967899161869717 5.391058997544077
71.0 5.114358666357019 5.579361473824011
72.0 5.087625806853249 5.498865248723308
73.0 5.257526769075552 5.977389266523019
74.0 5.399179769956436 5.994007228234592
75.0 5.4133776874339 6.096226779978895
76.0 5.397891330769546 5.980289998891531
77.0 5.621816819538965 6.282100903355901
78.0 5.551964535219658 6.337260085733141
79.0 5.539756840579745 6.489768856929867
80.0 5.652511083565262 6.506785353505842
81.0 5.705911047199855 6.624909553706611
82.0 5.757844013116015 6.6527585727031955
83.0 5.777958459679419 6.8821788170648635
84.0 5.864641848384482 6.899504303376592
85.0 5.9035603198073865 6.924568961993771
86.0 6.088274610720852 7.026184339647346
87.0 6.0152191141478815 7.22266795361169
88.0 6.217885068614214 7.473124365538791
89.0 6.101498268117058 7.509463655342507
90.0 6.153814655319279 7.609092000925922
91.0 6.220980729766401 7.583753842805572
92.0 6.270374977061349 7.7613166875085895
93.0 6.24283877508036 8.057401152926937
94.0 6.325862630737393 8.091529944485629
95.0 6.532568383758082 8.11074733322731
96.0 6.499882532688909 8.01484773921894
97.0 6.378781461078814 8.06013268356191
98.0 6.502298319854122 8.440654289231476
99.0 6.587039853747823 8.293202459651969
100.0 6.694067346722148 8.820610545496658
101.0 6.77376305920788 8.647692482953675
102.0 6.8228438004933105 8.688475689717919
103.0 6.745372865501896 8.943328480071997
104.0 6.765900017309809 9.234497430250586
105.0 6.895707613527721 9.074653182434355
106.0 6.970849829523644 9.15548568182758
107.0 7.042467606354837 9.128040796021489
108.0 6.971789594569437 9.459691497589953
109.0 7.168419831454941 9.559315133769637
110.0 7.087880718685478 9.385930451474085
111.0 7.140660396886819 9.88147145047492
112.0 7.093676553307467 9.96660774933544
113.0 7.075687278436523 9.84688055981199
114.0 7.217528864737558 10.167497091092313
115.0 7.296802038578535 10.260566517738457
116.0 7.139132621682189 10.062797664226764
117.0 7.243274641625307 10.492322398079207
118.0 7.501266333817589 10.329109852758304
119.0 7.4305595835467715 10.506548961407692
120.0 7.3613929290831726 10.744696794028796
121.0 7.575247945652624 10.842265142212275
122.0 7.624386976100209 11.007452584255605
123.0 7.418125611430532 10.993004095714173
124.0 7.622834246767322 10.895881799114322
125.0 7.676500907275606 11.000755125114894
126.0 7.502424366485013 11.05869637369083
127.0 7.597663394452732 11.33405030986886
128.0 nan nan
129.0 nan nan
130.0 nan nan
131.0 nan nan
132.0 nan nan
133.0 nan nan
134.0 nan nan
135.0 nan nan
136.0 nan nan
137.0 nan nan
138.0 nan nan
139.0 nan nan
140.0 nan nan
141.0 nan nan
142.0 nan nan
143.0 nan nan
144.0 nan nan
145.0 nan nan
146.0 nan nan
147.0 nan nan
148.0 nan nan
149.0 nan nan
150.0 nan nan
151.0 nan nan
152.0 nan nan
153.0 nan nan
154.0 nan nan
155.0 nan nan
156.0 nan nan
157.0 nan nan
158.0 nan nan
159.0 nan nan
160.0 nan nan
161.0 nan nan
162.0 nan nan
163.0 nan nan
164.0 nan nan
165.0 nan nan
166.0 nan nan
167.0 nan nan
168.0 nan nan
169.0 nan nan
170.0 nan nan
171.0 nan nan
172.0 nan nan
173.0 nan nan
174.0 nan nan
175.0 nan nan
176.0 nan nan
177.0 nan nan
178.0 nan nan
179.0 nan nan
180.0 nan nan
181.0 nan nan
182.0 nan nan
183.0 nan nan
184.0 nan nan
185.0 nan nan
186.0 nan nan
187.0 nan nan
188.0 nan nan
189.0 nan nan
190.0 nan nan
191.0 nan nan
192.0 nan nan
193.0 nan nan
194.0 nan nan
195.0 nan nan
196.0 nan nan
197.0 nan nan
198.0 nan nan
199.0 nan nan
200.0 nan nan
201.0 nan nan
202.0 nan nan
203.0 nan nan
204.0 nan nan
205.0 nan nan
206.0 nan nan
207.0 nan nan
208.0 nan nan
209.0 nan nan
210.0 nan nan
211.0 nan nan
212.0 nan nan
213.0 nan nan
214.0 nan nan
215.0 nan nan
216.0 nan nan
217.0 nan nan
218.0 nan nan
219.0 nan nan
220.0 nan nan
221.0 nan nan
222.0 nan nan
223.0 nan nan
224.0 nan nan
225.0 nan nan
226.0 nan nan
227.0 nan nan
228.0 nan nan
229.0 nan nan
230.0 nan nan
231.0 nan nan
232.0 nan nan
233.0 nan nan
234.0 nan nan
235.0 nan nan
236.0 nan nan
237.0 nan nan
238.0 nan nan
239.0 nan nan
240.0 nan nan
241.0 nan nan
242.0 nan nan
243.0 nan nan
244.0 nan nan
245.0 nan nan
246.0 nan nan
247.0 nan nan
248.0 nan nan
249.0 nan nan
250.0 nan nan
251.0 nan nan
252.0 nan nan
253.0 nan nan
254.0 nan nan
255.0 nan nan
