0.0 0.0 0.0
1.0 0.00649350624518 0.0176657526625
2.0 0.00630327741008 0.0179692071872
3.0 0.033905805505 0.073815176307
4.0 0.0324267795145 0.0811226097611
5.0 0.0711039002602 0.161708239995
6.0 0.0829413173638 0.190244036314
7.0 0.135124034519 0.264956496998
8.0 0.143967587341 0.29689808091
9.0 0.204901395638 0.400980824209
10.0 0.227521170479 0.43512046111
11.0 0.28163026909 0.503132341488
12.0 0.322523318317 0.574709138881
13.0 0.393181151449 0.678160722142
14.0 0.424276552461 0.726422836141
15.0 0.507765265582 0.848293300982
16.0 0.526937828522 0.908080077287
17.0 0.612749943234 1.04619428663
18.0 0.644895929057 1.09295457632
19.0 0.729764013649 1.1952173269
20.0 0.801621257027 1.2616970855
21.0 0.899680471812 1.42928520682
22.0 0.927628892234 1.46903233759
23.0 1.01244636922 1.63351374469
24.0 1.05094181628 1.69667815342
25.0 1.1767822433 1.75995237204
26.0 1.21619477045 1.91331376086
27.0 1.31251986303 1.98909472876
28.0 1.41322584387 2.15562997146
29.0 1.47356119511 2.25501657024
30.0 1.51471349002 2.40145047827
31.0 1.64093209887 2.49635087549
32.0 1.64924420597 2.53431972771
33.0 1.74406219134 2.67640955148
34.0 1.83566751667 2.69460321414
35.0 1.92507057298 2.914543038
36.0 2.01049848106 3.05661293839
37.0 2.06135450237 3.18979205836
38.0 2.11763450864 3.22819763922
39.0 2.22340110139 3.4424225104
40.0 2.338476537 3.50958491981
41.0 2.43686055426 3.63780382185
42.0 2.52672504646 3.69328065131
43.0 2.6245628328 3.95512909884
44.0 2.68571081197 3.94113357127
45.0 2.71571754172 4.12449727223
46.0 2.95059116119 4.33276340573
47.0 2.89707915352 4.3185710103
48.0 3.004233758 4.33717203722
49.0 3.16437232057 4.67709458453
50.0 3.18803263507 4.80227974428
51.0 3.16033411165 4.79101024447
52.0 3.28307157829 4.99276151517
53.0 3.49732666384 5.13949732606
54.0 3.40635103795 5.23507159064
55.0 3.58396240648 5.43811705019
56.0 3.59232134059 5.60467521458
57.0 3.70964078981 5.5032694182
58.0 3.82258708838 5.71899364738
59.0 3.85024547688 5.75108864066
60.0 3.90480221214 5.99437576477
61.0 4.04378712095 6.18174984305
62.0 4.07484034615 6.13401788771
63.0 4.17405281156 6.32831960036
64.0 4.31689110564 6.51254092995
65.0 4.37198316122 6.6107128338
66.0 4.35304077542 6.66073350287
67.0 4.37014966591 6.81438462548
68.0 4.45521260531 7.02434022687
69.0 4.51232710199 6.97108698963
70.0 4.61319646231 7.14305084827
71.0 4.76407591385 7.27889040686
72.0 4.75802202783 7.18875800141
73.0 4.91797724029 7.78633851562
74.0 5.07369768418 7.95033238466
75.0 5.059265044 7.96702484635
76.0 5.09996173565 8.02071321463
77.0 5.28539823084 8.29887013422
78.0 5.1759370036 8.09538485226
79.0 5.2380902286 8.37968689436
80.0 5.26091666658 8.48308609871
81.0 5.47062995993 8.5227701172
82.0 5.47712430767 8.77801286051
83.0 5.43719679292 8.86249348285
84.0 5.48886151673 8.80192436228
85.0 5.602217039 9.00577695471
86.0 5.77366525232 9.10372487233
87.0 5.70532086675 9.45136498219
88.0 5.90162450815 9.59470927974
89.0 5.74465736195 9.4678777438
90.0 5.80399651285 9.67520584939
91.0 5.82844585871 9.72199801783
92.0 6.00237028278 9.8880443521
93.0 5.94740058409 10.1320721759
94.0 6.11291003346 10.3311718239
95.0 6.18402669202 10.4474525859
96.0 6.22036035909 10.2101706373
97.0 6.08792131026 10.3195344939
98.0 6.16975067964 10.5685349193
99.0 6.26779697136 10.7696350395
100.0 6.3720884781 11.1792788198
101.0 6.44569968191 10.8813602257
102.0 6.62654963863 10.9069210051
103.0 6.60797581451 11.2380267037
104.0 6.55497982747 11.6167999182
105.0 6.62683621288 11.5810633151
106.0 6.73133984663 11.4006313298
107.0 6.78818385172 11.4142408957
108.0 6.73166203301 11.6927607972
109.0 6.90139889246 11.8382037054
110.0 6.7580279749 11.7141771419
111.0 6.7884309075 12.4028857637
112.0 6.79580679105 12.4048855926
113.0 6.79786524797 12.1169910974
114.0 7.00792505165 12.4630590406
115.0 7.08074551708 12.6138855891
116.0 6.84841980383 12.3675320784
117.0 6.98095547437 12.787505022
118.0 7.24919439425 12.7687472972
119.0 7.17619429948 12.7586183233
120.0 7.19092732418 13.0806864885
121.0 7.26639798869 13.070260081
122.0 7.30596280226 13.4969531279
123.0 7.26984484588 13.3546270697
124.0 7.40418198711 13.0717592776
125.0 7.35289026142 13.5862485019
126.0 7.29334848886 13.5724912517
127.0 7.30410820824 13.6617532422
128.0 nan nan
129.0 nan nan
130.0 nan nan
131.0 nan nan
132.0 nan nan
133.0 nan nan
134.0 nan nan
135.0 nan nan
136.0 nan nan
137.0 nan nan
138.0 nan nan
139.0 nan nan
140.0 nan nan
141.0 nan nan
142.0 nan nan
143.0 nan nan
144.0 nan nan
145.0 nan nan
146.0 nan nan
147.0 nan nan
148.0 nan nan
149.0 nan nan
150.0 nan nan
151.0 nan nan
152.0 nan nan
153.0 nan nan
154.0 nan nan
155.0 nan nan
156.0 nan nan
157.0 nan nan
158.0 nan nan
159.0 nan nan
160.0 nan nan
161.0 nan nan
162.0 nan nan
163.0 nan nan
164.0 nan nan
165.0 nan nan
166.0 nan nan
167.0 nan nan
168.0 nan nan
169.0 nan nan
170.0 nan nan
171.0 nan nan
172.0 nan nan
173.0 nan nan
174.0 nan nan
175.0 nan nan
176.0 nan nan
177.0 nan nan
178.0 nan nan
179.0 nan nan
180.0 nan nan
181.0 nan nan
182.0 nan nan
183.0 nan nan
184.0 nan nan
185.0 nan nan
186.0 nan nan
187.0 nan nan
188.0 nan nan
189.0 nan nan
190.0 nan nan
191.0 nan nan
192.0 nan nan
193.0 nan nan
194.0 nan nan
195.0 nan nan
196.0 nan nan
197.0 nan nan
198.0 nan nan
199.0 nan nan
200.0 nan nan
201.0 nan nan
202.0 nan nan
203.0 nan nan
204.0 nan nan
205.0 nan nan
206.0 nan nan
207.0 nan nan
208.0 nan nan
209.0 nan nan
210.0 nan nan
211.0 nan nan
212.0 nan nan
213.0 nan nan
214.0 nan nan
215.0 nan nan
216.0 nan nan
217.0 nan nan
218.0 nan nan
219.0 nan nan
220.0 nan nan
221.0 nan nan
222.0 nan nan
223.0 nan nan
224.0 nan nan
225.0 nan nan
226.0 nan nan
227.0 nan nan
228.0 nan nan
229.0 nan nan
230.0 nan nan
231.0 nan nan
232.0 nan nan
233.0 nan nan
234.0 nan nan
235.0 nan nan
236.0 nan nan
237.0 nan nan
238.0 nan nan
239.0 nan nan
240.0 nan nan
241.0 nan nan
242.0 nan nan
243.0 nan nan
244.0 nan nan
245.0 nan nan
246.0 nan nan
247.0 nan nan
248.0 nan nan
249.0 nan nan
250.0 nan nan
251.0 nan nan
252.0 nan nan
253.0 nan nan
254.0 nan nan
255.0 nan nan
