0.0 2038801679840.725
1.0 738663628534.0303
2.0 269389125702.46866
3.0 166693769633.58972
4.0 101394311350.95453
5.0 68652181322.31194
6.0 61802092738.41174
7.0 46504319717.61351
8.0 36045650140.829056
9.0 34060035812.874737
10.0 26072534744.344578
11.0 22283485991.649654
12.0 17663733429.890102
13.0 17739178272.758934
14.0 14757828085.412159
15.0 12672841487.7561
16.0 11358963604.454409
17.0 10288297951.783218
18.0 8935172709.42356
19.0 8501318217.145566
20.0 7741102811.952082
21.0 6901566432.665667
22.0 6519589326.404483
23.0 5965890238.047503
24.0 5598095292.768836
25.0 5084579510.043751
26.0 4866122603.0863
27.0 4592259013.747604
28.0 4242692620.802348
29.0 3935982811.1828156
30.0 3578097799.4257793
31.0 3363813429.621569
32.0 3343654663.7505226
33.0 3175351090.9575787
34.0 3009884482.9276037
35.0 2841786800.064504
36.0 2659475284.057875
37.0 2506403280.158776
38.0 2382781905.103392
39.0 2327018995.0483904
40.0 2138461516.1625643
41.0 2072487581.3393786
42.0 1967848410.6932905
43.0 1864069115.6450603
44.0 1834580371.1777823
45.0 1689308304.1827824
46.0 1651254386.6548882
47.0 1664043298.7249997
48.0 1554304866.5825052
49.0 1454830756.8128145
50.0 1427429030.3510435
51.0 1377313265.0919278
52.0 1330472552.0478206
53.0 1285703623.8363757
54.0 1243990954.6205862
55.0 1187675321.4699295
56.0 1167321454.4831688
57.0 1125544923.6803117
58.0 1089190455.5597136
59.0 1052338466.5488553
60.0 1009583480.2383616
61.0 1005843898.6788597
62.0 951933249.177271
63.0 957839815.6719658
64.0 904423361.0696537
65.0 849904758.081138
66.0 846441596.4400077
67.0 821646521.9699081
68.0 804126915.2567835
69.0 771289199.9811963
70.0 754733739.8254724
71.0 739284139.1023196
72.0 719782349.358416
73.0 711334708.0794489
74.0 680372107.2403805
75.0 650998578.6841553
76.0 651828669.3245634
77.0 633716437.0309453
78.0 611689131.3070449
79.0 609658716.8766732
80.0 580694946.5343139
81.0 564147117.8915135
82.0 548278464.946883
83.0 541337256.8276571
84.0 525116730.58863235
85.0 510731954.58435565
86.0 498627040.4761669
87.0 496435388.86255074
88.0 481242037.896935
89.0 471073947.65745926
90.0 463734641.92011726
91.0 447341331.1542127
92.0 442660297.316896
93.0 428000031.21840674
94.0 430436283.3348827
95.0 409326998.7916244
96.0 406336743.04396546
97.0 389102881.65096694
98.0 375205278.42962784
99.0 365994510.21125454
100.0 362777162.1162008
101.0 364419188.2144458
102.0 357568537.28559345
103.0 353407792.7977971
104.0 340418258.34294504
105.0 332035084.53121275
106.0 320603307.8467153
107.0 313309988.715026
108.0 315232502.233809
109.0 310692667.9555969
110.0 303914885.7428047
111.0 305535720.2776901
112.0 288568714.17299664
113.0 277334817.6633393
114.0 280784968.6009073
115.0 274360217.425
116.0 269221174.044034
117.0 256199471.49241048
118.0 255052342.2696764
119.0 249549287.64541104
120.0 246266798.5574811
121.0 240496351.74593252
122.0 241591988.7802714
123.0 227755690.25661576
124.0 224519538.98386106
125.0 223429619.08109444
126.0 223893491.00177366
127.0 219226433.1798265
128.0 212910856.79031274
129.0 205139922.71042538
130.0 209441992.1185076
131.0 205809355.92041722
132.0 207536985.96556786
133.0 203082865.82613057
134.0 199349734.0672809
135.0 189386037.82685435
136.0 191157781.93403682
137.0 181308348.23042536
138.0 178517136.96898198
139.0 176462420.55787474
140.0 169282863.0532515
141.0 170231753.9315106
142.0 167553833.20455182
143.0 167093999.0606252
144.0 163105962.96704587
145.0 162062181.97074458
146.0 159493871.91813323
147.0 151886626.858105
148.0 153103742.24622682
149.0 149219910.48483607
150.0 150744652.68357536
151.0 145337266.44941986
152.0 145199853.5289647
153.0 140608603.64822996
154.0 141503551.71070248
155.0 139296801.7964109
156.0 139598813.89555004
157.0 134472398.88764963
158.0 128832862.4043103
159.0 126833078.07989822
160.0 132085385.38310973
161.0 129574822.22235666
162.0 125493800.21083726
163.0 123544396.15875755
164.0 126279302.69176152
165.0 118017066.01764171
166.0 120249095.60878432
167.0 115833229.29325157
168.0 116460087.974497
169.0 115539489.85808408
170.0 115923789.05602431
171.0 113175178.05827197
172.0 108651955.61890592
173.0 106123708.61654337
174.0 105057689.6971609
175.0 104461910.2960139
176.0 103585106.32181384
177.0 102604626.45697579
178.0 101512603.96542846
179.0 97187855.89674824
180.0 97319583.61462785
181.0 95319728.45502359
182.0 94576627.25114034
183.0 91843930.05203861
184.0 91018315.63514648
185.0 90018271.40174207
186.0 90956118.21502352
187.0 89704534.49759114
188.0 88184935.30046834
189.0 87572013.19318178
190.0 84518361.81951417
191.0 83491395.94558638
192.0 82848015.16300777
193.0 81798089.31908709
194.0 82998022.15126337
195.0 82313064.306281
196.0 80149772.53451271
197.0 80669504.12124495
198.0 78996590.38147068
199.0 77142542.58119294
200.0 76692886.60654747
201.0 76689474.88520563
202.0 75704480.39312845
203.0 72623076.08360004
204.0 72766871.91385727
205.0 71388495.1322362
206.0 71666999.67333671
207.0 71185692.68810819
208.0 69975364.7354799
209.0 69760851.34724389
210.0 71270271.08485635
211.0 70056282.87429206
212.0 67703042.24343102
213.0 66769317.01292259
214.0 66230878.077603795
215.0 67825953.14964578
216.0 68965985.56828535
217.0 64939079.336888954
218.0 66965354.33071608
219.0 64690675.898819156
220.0 64945396.33299142
221.0 63700072.475536875
222.0 60512434.57121631
223.0 62836263.31413141
224.0 61195653.51965667
225.0 61056475.24918698
226.0 63314347.03228153
227.0 62078576.3646915
228.0 61360401.4719176
229.0 61187956.55168937
230.0 58950527.864122614
231.0 60067636.015478306
232.0 59145409.53171236
233.0 59918284.89290235
234.0 59281586.32753008
235.0 59133352.01288294
236.0 57675425.01984107
237.0 57611430.46262019
238.0 57534727.530689836
239.0 57850615.4779961
240.0 58677526.405597694
241.0 56297845.86986252
242.0 55772494.52348227
243.0 56813900.02540538
244.0 56616168.39673808
245.0 55925399.16207863
246.0 54846043.30544914
247.0 56170189.60858087
248.0 54154424.98126926
249.0 55432687.82211165
250.0 55388284.10429294
251.0 53800203.82508996
252.0 55430848.586595535
253.0 54374697.685378835
254.0 54207817.46912873
255.0 53917680.53881445
