0.0 0.0 0.0
1.0 0.0127166422243 0.0454217532075
2.0 0.0123469267886 0.0445278273631
3.0 0.02144040558 0.147269868797
4.0 0.0193127521979 0.154432073326
5.0 0.0339104765481 0.254308354405
6.0 0.0396556523552 0.284150975184
7.0 0.0598290963267 0.366629251236
8.0 0.0631985029222 0.385663660708
9.0 0.0916647775553 0.477872603309
10.0 0.0957075239755 0.507432268751
11.0 0.120153745528 0.584345097739
12.0 0.138851874148 0.633336869474
13.0 0.166837920397 0.704266348521
14.0 0.187193207593 0.762649227313
15.0 0.214624076096 0.839853945769
16.0 0.237749579621 0.873146076846
17.0 0.280217730278 0.966963223356
18.0 0.296743866814 1.00361110676
19.0 0.338888635464 1.08637031927
20.0 0.361522616776 1.14242775242
21.0 0.410757034488 1.20945161103
22.0 0.437655835519 1.25670518282
23.0 0.490373182556 1.33609425056
24.0 0.516149157984 1.36742951438
25.0 0.577503014978 1.45362472075
26.0 0.605081894922 1.49182876822
27.0 0.659736426857 1.57447389483
28.0 0.693775570611 1.58721024719
29.0 0.7447685041 1.68867880684
30.0 0.785248506749 1.7213383143
31.0 0.85104216946 1.78731597217
32.0 0.883492769924 1.82109739696
33.0 0.95387371817 1.90349537086
34.0 0.981227589061 1.91156325188
35.0 1.05110754149 1.989553768
36.0 1.09269683586 2.0468963406
37.0 1.16835613384 2.09146505057
38.0 1.1832241728 2.09984039133
39.0 1.27873387602 2.16651258643
40.0 1.31342876481 2.22448111031
41.0 1.40182802458 2.26214847949
42.0 1.42344085263 2.30297482576
43.0 1.5053524753 2.37498752445
44.0 1.54105286397 2.39203003729
45.0 1.62465540663 2.45284061926
46.0 1.67004667626 2.46059509214
47.0 1.74859874782 2.5557729795
48.0 1.77764395137 2.52909556025
49.0 1.85095896694 2.60876006437
50.0 1.91192546225 2.63944961002
51.0 1.96589001745 2.68331128601
52.0 2.02578016786 2.75498230701
53.0 2.12495968331 2.80044208264
54.0 2.13612575638 2.79590672171
55.0 2.22742872684 2.86899646348
56.0 2.27518173182 2.88677040959
57.0 2.366913895 2.93673903664
58.0 2.40669368536 2.96654728335
59.0 2.48491614637 3.00998035559
60.0 2.5124331554 3.02854309471
61.0 2.61180301101 3.08997604443
62.0 2.62942051676 3.12643178767
63.0 2.68325651187 3.13725656714
64.0 2.75578581588 3.1866059944
65.0 2.83514951951 3.15888412653
66.0 2.8562503509 3.22244961689
67.0 2.91567011345 3.27162057367
68.0 2.97284535075 3.27520569257
69.0 3.05389476011 3.34005025582
70.0 3.12431173259 3.38087675805
71.0 3.18747536135 3.40002110113
72.0 3.19661217072 3.47710821696
73.0 3.28105006144 3.46203334023
74.0 3.31097585247 3.52393570716
75.0 3.39527670179 3.52213534806
76.0 3.45646355777 3.56826742015
77.0 3.4716222091 3.56788879848
78.0 3.53351898575 3.613334174
79.0 3.63088037519 3.62460599284
80.0 3.61114433941 3.67961154195
81.0 3.67509137495 3.71975415539
82.0 3.71687734831 3.73045572923
83.0 3.75917415093 3.81209548549
84.0 3.78561520671 3.79233971207
85.0 3.91454485012 3.79184347075
86.0 3.87923840121 3.78738021533
87.0 3.94183093165 3.88489210798
88.0 3.97279844713 3.91060374394
89.0 4.08240279237 3.93000638034
90.0 4.1142993344 3.91939368207
91.0 4.11805221385 3.98690205004
92.0 4.16718094422 4.03749728266
93.0 4.25727359686 4.04761885116
94.0 4.26378319443 4.06773793146
95.0 4.28558158608 4.04768576146
96.0 4.32637943749 4.12888485406
97.0 4.39642069985 4.14326027151
98.0 4.41902452387 4.12431658829
99.0 4.47288276899 4.14106536745
100.0 4.50257982011 4.22088764976
101.0 4.54696564531 4.21528909914
102.0 4.56868277863 4.23294850682
103.0 4.61255251063 4.28540228938
104.0 4.57459164308 4.26685433234
105.0 4.6444122971 4.29750382566
106.0 4.68451895373 4.35016210254
107.0 4.66344460162 4.37849754626
108.0 4.750685486 4.33432927187
109.0 4.7154776776 4.40445332763
110.0 4.79713342606 4.40355312385
111.0 4.8007112863 4.39176497631
112.0 4.81810900571 4.39051859315
113.0 4.85398668912 4.43625918383
114.0 4.813930183 4.45930083104
115.0 4.86665891128 4.46954549382
116.0 4.93791594329 4.4821944971
117.0 4.95679319975 4.50539453463
118.0 4.93130615309 4.51702108278
119.0 5.01604153988 4.53029272484
120.0 4.97768700094 4.53439062922
121.0 5.01728966645 4.56048098083
122.0 5.05858518657 4.58836251541
123.0 5.05710281453 4.56751486301
124.0 5.03067405364 4.58602519012
125.0 5.04674191493 4.61454698306
126.0 5.13137291348 4.62796773244
127.0 5.1411545937 4.63520695299
128.0 nan nan
129.0 nan nan
130.0 nan nan
131.0 nan nan
132.0 nan nan
133.0 nan nan
134.0 nan nan
135.0 nan nan
136.0 nan nan
137.0 nan nan
138.0 nan nan
139.0 nan nan
140.0 nan nan
141.0 nan nan
142.0 nan nan
143.0 nan nan
144.0 nan nan
145.0 nan nan
146.0 nan nan
147.0 nan nan
148.0 nan nan
149.0 nan nan
150.0 nan nan
151.0 nan nan
152.0 nan nan
153.0 nan nan
154.0 nan nan
155.0 nan nan
156.0 nan nan
157.0 nan nan
158.0 nan nan
159.0 nan nan
160.0 nan nan
161.0 nan nan
162.0 nan nan
163.0 nan nan
164.0 nan nan
165.0 nan nan
166.0 nan nan
167.0 nan nan
168.0 nan nan
169.0 nan nan
170.0 nan nan
171.0 nan nan
172.0 nan nan
173.0 nan nan
174.0 nan nan
175.0 nan nan
176.0 nan nan
177.0 nan nan
178.0 nan nan
179.0 nan nan
180.0 nan nan
181.0 nan nan
182.0 nan nan
183.0 nan nan
184.0 nan nan
185.0 nan nan
186.0 nan nan
187.0 nan nan
188.0 nan nan
189.0 nan nan
190.0 nan nan
191.0 nan nan
192.0 nan nan
193.0 nan nan
194.0 nan nan
195.0 nan nan
196.0 nan nan
197.0 nan nan
198.0 nan nan
199.0 nan nan
200.0 nan nan
201.0 nan nan
202.0 nan nan
203.0 nan nan
204.0 nan nan
205.0 nan nan
206.0 nan nan
207.0 nan nan
208.0 nan nan
209.0 nan nan
210.0 nan nan
211.0 nan nan
212.0 nan nan
213.0 nan nan
214.0 nan nan
215.0 nan nan
216.0 nan nan
217.0 nan nan
218.0 nan nan
219.0 nan nan
220.0 nan nan
221.0 nan nan
222.0 nan nan
223.0 nan nan
224.0 nan nan
225.0 nan nan
226.0 nan nan
227.0 nan nan
228.0 nan nan
229.0 nan nan
230.0 nan nan
231.0 nan nan
232.0 nan nan
233.0 nan nan
234.0 nan nan
235.0 nan nan
236.0 nan nan
237.0 nan nan
238.0 nan nan
239.0 nan nan
240.0 nan nan
241.0 nan nan
242.0 nan nan
243.0 nan nan
244.0 nan nan
245.0 nan nan
246.0 nan nan
247.0 nan nan
248.0 nan nan
249.0 nan nan
250.0 nan nan
251.0 nan nan
252.0 nan nan
253.0 nan nan
254.0 nan nan
255.0 nan nan
