0.0 0.0 0.0
1.0 0.0263259383542 0.0837230383541
2.0 0.0257912462753 0.0837604496977
3.0 0.0562715639411 0.252413358913
4.0 0.0533531032806 0.266838127737
5.0 0.110559327614 0.440211674477
6.0 0.117915511254 0.489438574672
7.0 0.199875699145 0.651483975288
8.0 0.207709195247 0.679159237144
9.0 0.304508979255 0.865414046942
10.0 0.32325344739 0.916744567898
11.0 0.417597509249 1.05298149792
12.0 0.464186426069 1.13613986572
13.0 0.561637668859 1.24124787982
14.0 0.61425180799 1.3402374921
15.0 0.724910934183 1.45647392041
16.0 0.787757032513 1.50535773998
17.0 0.909824306921 1.62549985129
18.0 0.949757879841 1.70820471666
19.0 1.08721286406 1.8091450056
20.0 1.13974204319 1.84493697228
21.0 1.28322271989 1.95539875839
22.0 1.33428266587 2.01995211238
23.0 1.49810611559 2.12271372071
24.0 1.54331782569 2.17218062038
25.0 1.69640912163 2.27508091547
26.0 1.73624317301 2.29534506765
27.0 1.8964749954 2.37904580856
28.0 1.91499318566 2.43791527821
29.0 2.05943616505 2.49485137203
30.0 2.12462897321 2.51269304134
31.0 2.24070198711 2.61563521951
32.0 2.2993613619 2.61933688567
33.0 2.41128463211 2.69651304769
34.0 2.4608613024 2.7438692953
35.0 2.54781761949 2.81249818711
36.0 2.62035859935 2.83078678578
37.0 2.71163464955 2.88014374369
38.0 2.74282144357 2.9056416329
39.0 2.84870077626 2.97113230247
40.0 2.86322242135 2.98047755912
41.0 2.96105870852 2.98934483978
42.0 3.00378709001 3.0250445958
43.0 3.06506463457 3.07068458861
44.0 3.08432712791 3.08086120098
45.0 3.18578017064 3.08919826776
46.0 3.19753041327 3.14433291229
47.0 3.2309716955 3.13292894379
48.0 3.26543182137 3.15983051026
49.0 3.29562122199 3.15349094585
50.0 3.33582829303 3.19691165457
51.0 3.38028498744 3.21017250027
52.0 3.43372942356 3.22662238538
53.0 3.40414600202 3.24391457623
54.0 3.42755118021 3.26528625436
55.0 3.46015447611 3.29795077488
56.0 3.46709885116 3.30102842642
57.0 3.47779197454 3.27650438478
58.0 3.50856712574 3.33562605054
59.0 3.51699643346 3.34932887857
60.0 3.55150738308 3.36443151408
61.0 3.52345918772 3.39247063529
62.0 3.56484914276 3.39281620431
63.0 3.5464493502 3.39249270307
64.0 nan nan
65.0 nan nan
66.0 nan nan
67.0 nan nan
68.0 nan nan
69.0 nan nan
70.0 nan nan
71.0 nan nan
72.0 nan nan
73.0 nan nan
74.0 nan nan
75.0 nan nan
76.0 nan nan
77.0 nan nan
78.0 nan nan
79.0 nan nan
80.0 nan nan
81.0 nan nan
82.0 nan nan
83.0 nan nan
84.0 nan nan
85.0 nan nan
86.0 nan nan
87.0 nan nan
88.0 nan nan
89.0 nan nan
90.0 nan nan
91.0 nan nan
92.0 nan nan
93.0 nan nan
94.0 nan nan
95.0 nan nan
96.0 nan nan
97.0 nan nan
98.0 nan nan
99.0 nan nan
100.0 nan nan
101.0 nan nan
102.0 nan nan
103.0 nan nan
104.0 nan nan
105.0 nan nan
106.0 nan nan
107.0 nan nan
108.0 nan nan
109.0 nan nan
110.0 nan nan
111.0 nan nan
112.0 nan nan
113.0 nan nan
114.0 nan nan
115.0 nan nan
116.0 nan nan
117.0 nan nan
118.0 nan nan
119.0 nan nan
120.0 nan nan
121.0 nan nan
122.0 nan nan
123.0 nan nan
124.0 nan nan
125.0 nan nan
126.0 nan nan
127.0 nan nan
