0.0 0.0 0.0
1.0 0.0 0.0
2.0 0.0 0.0
3.0 0.0 0.0
4.0 0.0 0.0
5.0 0.0 0.0
6.0 0.0 0.0
7.0 0.0 0.0
8.0 0.0 0.0
9.0 0.0 0.0
10.0 0.0 0.0
11.0 0.0 0.0
12.0 0.0 0.0
13.0 0.0 0.0
14.0 0.0 0.0
15.0 0.0 0.0
16.0 0.0 0.0
17.0 0.0 0.0
18.0 0.0 0.0
19.0 0.0 0.0
20.0 0.0 0.0
21.0 0.0 0.0
22.0 0.0 0.0
23.0 0.0 0.0
24.0 0.0 0.0
25.0 0.0 0.0
26.0 0.0 0.0
27.0 0.0 0.0
28.0 0.0 0.0
29.0 0.0 0.0
30.0 0.0 0.0
31.0 0.0 0.0
32.0 0.0 0.0
33.0 0.0 0.0
34.0 0.0 0.0
35.0 0.0 0.0
36.0 0.0 0.0
37.0 0.0 0.0
38.0 0.0 0.0
39.0 0.0 0.0
40.0 0.0 0.0
41.0 0.0 0.0
42.0 0.0 0.0
43.0 0.0 0.0
44.0 0.0 0.0
45.0 0.0 0.0
46.0 0.0 0.0
47.0 0.0 0.0
48.0 0.0 0.0
49.0 0.0 0.0
50.0 0.0 0.0
51.0 0.0 0.0
52.0 0.0 0.0
53.0 0.0 0.0
54.0 0.0 0.0
55.0 0.0 0.0
56.0 0.0 0.0
57.0 0.0 0.0
58.0 0.0 0.0
59.0 0.0 0.0
60.0 0.0 0.0
61.0 0.0 0.0
62.0 0.0 0.0
63.0 0.0 0.0
64.0 0.0 0.0
65.0 0.0 0.0
66.0 0.0 0.0
67.0 0.0 0.0
68.0 0.0 0.0
69.0 0.0 0.0
70.0 0.0 0.0
71.0 0.0 0.0
72.0 0.0 0.0
73.0 0.0 0.0
74.0 0.0 0.0
75.0 0.0 0.0
76.0 0.0 0.0
77.0 0.0 0.0
78.0 0.0 0.0
79.0 0.0 0.0
80.0 0.0 0.0
81.0 0.0 0.0
82.0 0.0 0.0
83.0 0.0 0.0
84.0 0.0 0.0
85.0 0.0 0.0
86.0 0.0 0.0
87.0 0.0 0.0
88.0 0.0 0.0
89.0 0.0 0.0
90.0 0.0 0.0
91.0 0.0 0.0
92.0 0.0 0.0
93.0 0.0 0.0
94.0 0.0 0.0
95.0 0.0 0.0
96.0 0.0 0.0
97.0 0.0 0.0
98.0 0.0 0.0
99.0 0.0 0.0
100.0 0.0 0.0
101.0 0.0 0.0
102.0 0.0 0.0
103.0 0.0 0.0
104.0 0.0 0.0
105.0 0.0 0.0
106.0 0.0 0.0
107.0 0.0 0.0
108.0 0.0 0.0
109.0 0.0 0.0
110.0 0.0 0.0
111.0 0.0 0.0
112.0 0.0 0.0
113.0 0.0 0.0
114.0 0.0 0.0
115.0 0.0 0.0
116.0 0.0 0.0
117.0 0.0 0.0
118.0 0.0 0.0
119.0 0.0 0.0
120.0 0.0 0.0
121.0 0.0 0.0
122.0 0.0 0.0
123.0 0.0 0.0
124.0 0.0 0.0
125.0 0.0 0.0
126.0 0.0 0.0
127.0 0.0 0.0
128.0 nan nan
129.0 nan nan
130.0 nan nan
131.0 nan nan
132.0 nan nan
133.0 nan nan
134.0 nan nan
135.0 nan nan
136.0 nan nan
137.0 nan nan
138.0 nan nan
139.0 nan nan
140.0 nan nan
141.0 nan nan
142.0 nan nan
143.0 nan nan
144.0 nan nan
145.0 nan nan
146.0 nan nan
147.0 nan nan
148.0 nan nan
149.0 nan nan
150.0 nan nan
151.0 nan nan
152.0 nan nan
153.0 nan nan
154.0 nan nan
155.0 nan nan
156.0 nan nan
157.0 nan nan
158.0 nan nan
159.0 nan nan
160.0 nan nan
161.0 nan nan
162.0 nan nan
163.0 nan nan
164.0 nan nan
165.0 nan nan
166.0 nan nan
167.0 nan nan
168.0 nan nan
169.0 nan nan
170.0 nan nan
171.0 nan nan
172.0 nan nan
173.0 nan nan
174.0 nan nan
175.0 nan nan
176.0 nan nan
177.0 nan nan
178.0 nan nan
179.0 nan nan
180.0 nan nan
181.0 nan nan
182.0 nan nan
183.0 nan nan
184.0 nan nan
185.0 nan nan
186.0 nan nan
187.0 nan nan
188.0 nan nan
189.0 nan nan
190.0 nan nan
191.0 nan nan
192.0 nan nan
193.0 nan nan
194.0 nan nan
195.0 nan nan
196.0 nan nan
197.0 nan nan
198.0 nan nan
199.0 nan nan
200.0 nan nan
201.0 nan nan
202.0 nan nan
203.0 nan nan
204.0 nan nan
205.0 nan nan
206.0 nan nan
207.0 nan nan
208.0 nan nan
209.0 nan nan
210.0 nan nan
211.0 nan nan
212.0 nan nan
213.0 nan nan
214.0 nan nan
215.0 nan nan
216.0 nan nan
217.0 nan nan
218.0 nan nan
219.0 nan nan
220.0 nan nan
221.0 nan nan
222.0 nan nan
223.0 nan nan
224.0 nan nan
225.0 nan nan
226.0 nan nan
227.0 nan nan
228.0 nan nan
229.0 nan nan
230.0 nan nan
231.0 nan nan
232.0 nan nan
233.0 nan nan
234.0 nan nan
235.0 nan nan
236.0 nan nan
237.0 nan nan
238.0 nan nan
239.0 nan nan
240.0 nan nan
241.0 nan nan
242.0 nan nan
243.0 nan nan
244.0 nan nan
245.0 nan nan
246.0 nan nan
247.0 nan nan
248.0 nan nan
249.0 nan nan
250.0 nan nan
251.0 nan nan
252.0 nan nan
253.0 nan nan
254.0 nan nan
255.0 nan nan
