0.0 1997001452782.0686
1.0 716801696273.6115
2.0 255692860376.27536
3.0 175655599636.8654
4.0 109733646715.70996
5.0 73787328932.48076
6.0 67263945892.795395
7.0 50900136687.07111
8.0 38892408723.39305
9.0 35949437673.20267
10.0 27580534225.252083
11.0 23188368886.45029
12.0 19075446206.160496
13.0 18201647811.406235
14.0 16012569975.69697
15.0 13559717959.548851
16.0 12651795864.1862
17.0 11130725797.853842
18.0 9605915964.886383
19.0 8836511071.667187
20.0 8200944985.624105
21.0 7200640069.716429
22.0 6925387263.694046
23.0 6336960607.824994
24.0 5862975982.195775
25.0 5382532205.108943
26.0 5253412110.459994
27.0 4981029702.405722
28.0 4769263019.171952
29.0 4084435159.0930524
30.0 3983042827.798983
31.0 3659062326.0958896
32.0 3565686558.1309977
33.0 3394881729.857311
34.0 3242741931.2841783
35.0 2995550449.8536773
36.0 2820312005.336152
37.0 2699785796.6237087
38.0 2585245399.0659385
39.0 2471770052.2587967
40.0 2320996588.3611183
41.0 2232338387.3465114
42.0 2120680589.404751
43.0 2050054049.1095386
44.0 2014206918.1273966
45.0 1857972700.709585
46.0 1832202775.944215
47.0 1782660222.412085
48.0 1685457990.2153754
49.0 1642208059.2366192
50.0 1587631473.0129845
51.0 1535723499.3955956
52.0 1428193259.3581004
53.0 1371227275.387955
54.0 1362797263.3125985
55.0 1279724668.176299
56.0 1250496320.7475066
57.0 1175094675.1623535
58.0 1173767185.0348825
59.0 1177046289.9439642
60.0 1123543874.8273354
61.0 1080872882.4064896
62.0 1041772576.3169664
63.0 1026901344.8257196
64.0 971379302.9939921
65.0 950397024.9837208
66.0 923027563.0545871
67.0 894760770.4841074
68.0 864341942.7553545
69.0 854700121.8438675
70.0 833967982.7856303
71.0 804019188.4158937
72.0 789842336.891688
73.0 754284720.2851875
74.0 727157195.2137061
75.0 716374098.5168467
76.0 711045425.3574916
77.0 683355373.9625752
78.0 648496158.926005
79.0 657865402.0548863
80.0 637250013.0350045
81.0 621210915.1549194
82.0 601025629.7943885
83.0 580203181.4562649
84.0 579374888.60255
85.0 555947333.6660923
86.0 549534380.8607306
87.0 537522161.5468737
88.0 521043632.3034011
89.0 513173892.68403214
90.0 493800977.95924366
91.0 489877260.532906
92.0 487169624.6805783
93.0 458247841.40530753
94.0 434545663.39241815
95.0 437420147.85368526
96.0 447931441.00078064
97.0 445487711.02988416
98.0 424695497.78169554
99.0 416887738.98065454
100.0 397248932.11202925
101.0 392157340.812632
102.0 390565745.0794639
103.0 379614786.1826131
104.0 371963207.7251309
105.0 361964104.1494858
106.0 357961745.18604875
107.0 353126002.61458194
108.0 345539609.62976134
109.0 338382927.2136874
110.0 327360298.1316218
111.0 334354791.0853523
112.0 320836571.94843847
113.0 310000657.9123065
114.0 301215926.36924106
115.0 296496478.6302946
116.0 297072701.50533736
117.0 292197396.81354076
118.0 287786675.36884767
119.0 283677347.99551076
120.0 271549773.6309103
121.0 275588948.5188347
122.0 270641598.5622278
123.0 261605139.5912354
124.0 255398874.66060683
125.0 251440545.7029292
126.0 244563187.21152884
127.0 238836346.02810198
128.0 239322417.1771149
129.0 238248898.7676655
130.0 231972461.69399247
131.0 231857765.6869839
132.0 227137324.94578636
133.0 219176110.37716627
134.0 219280415.5393047
135.0 213337043.27045265
136.0 212771008.3840386
137.0 214290151.3496522
138.0 202367009.7708444
139.0 200882700.3251065
140.0 196902317.5943876
141.0 197817597.19586796
142.0 193646109.94709894
143.0 190630941.79013523
144.0 180148313.84350878
145.0 178864177.72854778
146.0 179470116.0084378
147.0 179373285.821333
148.0 176781796.99571097
149.0 173013455.2863829
150.0 173357325.15109062
151.0 165193747.64003983
152.0 160774947.21734712
153.0 162084733.25708026
154.0 160617255.0938074
155.0 159901399.43112954
156.0 156505467.70463285
157.0 156194740.51112863
158.0 153506882.2580445
159.0 153324396.43534988
160.0 151875803.61497787
161.0 144635461.3886349
162.0 144817123.4928087
163.0 140492446.3683517
164.0 137177798.18646294
165.0 137973070.2203522
166.0 138014846.35021332
167.0 138325681.4369016
168.0 132430887.03826955
169.0 132640022.85935257
170.0 130418748.52356857
171.0 124581372.04885599
172.0 127483043.48645996
173.0 124770651.64340621
174.0 126390872.32045513
175.0 123239311.70865667
176.0 118432596.96486211
177.0 120799442.8227853
178.0 116777145.24811512
179.0 117643029.85192053
180.0 115799752.7374156
181.0 112873359.03570317
182.0 112271125.79938735
183.0 115841315.24687693
184.0 110458014.3294134
185.0 108750718.0724586
186.0 105855548.7583462
187.0 111117422.62678005
188.0 103830036.42588949
189.0 101221576.2590304
190.0 101650062.38575824
191.0 100315366.03532793
192.0 100698796.51955897
193.0 99944172.7351141
194.0 98860033.9640442
195.0 100030627.48821585
196.0 97474482.84418613
197.0 97369700.82361192
198.0 93979740.96627378
199.0 95872697.79706755
200.0 91797079.95835525
201.0 91887606.2541326
202.0 91916341.88240544
203.0 90517826.61173257
204.0 90604512.07090527
205.0 89905125.41256717
206.0 89614308.46456462
207.0 87633437.93936989
208.0 87449578.06413053
209.0 85292299.73098472
210.0 87532752.5867547
211.0 86468762.46382293
212.0 83035588.89265083
213.0 83666410.73760338
214.0 83420119.17360489
215.0 81644198.43226662
216.0 83197937.70098254
217.0 79251140.02268432
218.0 80371883.79257292
219.0 81290064.83898179
220.0 78861016.56666233
221.0 82208657.04705548
222.0 80502982.82051963
223.0 78684843.92939572
224.0 78358567.3238068
225.0 76985747.2485706
226.0 76941345.50468177
227.0 75455162.0788122
228.0 75555843.52735294
229.0 74759447.57044135
230.0 73565907.2826181
231.0 72492089.60800125
232.0 76495817.31971829
233.0 73811572.75395362
234.0 74681970.05042446
235.0 72181293.89092356
236.0 72500711.09412257
237.0 70892415.0798864
238.0 73177155.79851273
239.0 73263188.05988942
240.0 74208203.75448366
241.0 72255275.313993
242.0 68955706.58888322
243.0 69313356.36199665
244.0 70916211.03850025
245.0 69440627.60739067
246.0 70357906.55004105
247.0 69983757.83245918
248.0 67869355.07921438
249.0 68383097.29483062
250.0 67566453.53882161
251.0 67723448.45006682
252.0 70098320.80350089
253.0 72495536.68116002
254.0 68825723.44947235
255.0 69954711.61632876
