0.0 0.0 0.0
1.0 0.0229839232035 0.0503386148714
2.0 0.0236463573769 0.0508409974405
3.0 0.120391395863 0.208444864917
4.0 0.118277323264 0.219563894965
5.0 0.264154978078 0.43716386723
6.0 0.293138502576 0.511761629054
7.0 0.462059401774 0.7118208128
8.0 0.496885065974 0.751913989633
9.0 0.701550784548 1.04886662923
10.0 0.761563358957 1.09263222907
11.0 0.923386561768 1.30403567324
12.0 1.06659762572 1.43803709721
13.0 1.2433537422 1.67792574909
14.0 1.3809154912 1.80460999144
15.0 1.57137594377 2.0171616374
16.0 1.66569008621 2.17411010868
17.0 1.88781724455 2.32413906536
18.0 1.98861765563 2.58276354007
19.0 2.19589222427 2.82901150702
20.0 2.29948331996 2.90359776623
21.0 2.47473007419 3.18068149306
22.0 2.68128352983 3.24798540414
23.0 2.88863427895 3.51995196523
24.0 3.00202327153 3.69838181046
25.0 3.19961393516 3.93516426391
26.0 3.27599075525 4.02821441502
27.0 3.36153073706 4.35861150857
28.0 3.62526862259 4.41539691295
29.0 3.88954099782 4.65199585163
30.0 3.98911401773 4.80173954904
31.0 4.16595586778 5.1191025222
32.0 4.1742109838 5.32583135946
33.0 4.44191890579 5.5021839762
34.0 4.57643474348 5.4872043437
35.0 4.77922546406 5.93270990547
36.0 4.94278862991 5.98398915345
37.0 5.03391396906 6.19713748446
38.0 5.27070854832 6.44758877072
39.0 5.44658888399 6.41002862372
40.0 5.46461102915 6.570606458
41.0 5.63660660217 6.93063649453
42.0 5.64091586363 6.90122705299
43.0 5.81539047946 7.14883677499
44.0 5.868293372 7.21844838538
45.0 6.0387188952 7.4784330185
46.0 6.04615811784 7.93309922895
47.0 6.42676697812 7.98551746953
48.0 6.31758072528 7.9973624658
49.0 6.53166989419 8.21608899678
50.0 6.4676114453 8.39010261375
51.0 6.76583771842 8.45934817509
52.0 6.72570923065 8.65496031518
53.0 6.90295505811 9.31175154693
54.0 7.02499410216 8.85915390454
55.0 7.09311702045 9.12256395142
56.0 7.11550821235 9.17891825845
57.0 6.94499325489 9.51901452261
58.0 7.30992858277 9.61936304919
59.0 7.1293338452 9.84840852686
60.0 7.22632006581 10.0453398148
61.0 7.71783566129 10.0334550106
62.0 7.3625406969 10.1742957705
63.0 7.77941011831 10.4586837798
64.0 nan nan
65.0 nan nan
66.0 nan nan
67.0 nan nan
68.0 nan nan
69.0 nan nan
70.0 nan nan
71.0 nan nan
72.0 nan nan
73.0 nan nan
74.0 nan nan
75.0 nan nan
76.0 nan nan
77.0 nan nan
78.0 nan nan
79.0 nan nan
80.0 nan nan
81.0 nan nan
82.0 nan nan
83.0 nan nan
84.0 nan nan
85.0 nan nan
86.0 nan nan
87.0 nan nan
88.0 nan nan
89.0 nan nan
90.0 nan nan
91.0 nan nan
92.0 nan nan
93.0 nan nan
94.0 nan nan
95.0 nan nan
96.0 nan nan
97.0 nan nan
98.0 nan nan
99.0 nan nan
100.0 nan nan
101.0 nan nan
102.0 nan nan
103.0 nan nan
104.0 nan nan
105.0 nan nan
106.0 nan nan
107.0 nan nan
108.0 nan nan
109.0 nan nan
110.0 nan nan
111.0 nan nan
112.0 nan nan
113.0 nan nan
114.0 nan nan
115.0 nan nan
116.0 nan nan
117.0 nan nan
118.0 nan nan
119.0 nan nan
120.0 nan nan
121.0 nan nan
122.0 nan nan
123.0 nan nan
124.0 nan nan
125.0 nan nan
126.0 nan nan
127.0 nan nan
