0.0 0.0 0.0
1.0 0.161297252266 0.837663793364
2.0 0.51052896902 1.64186546322
3.0 0.910624210658 2.2459282207
4.0 1.34023195398 2.79903566724
5.0 1.76517078843 3.31101849855
6.0 2.09842047427 3.67929150506
7.0 2.46573103456 4.3182651902
8.0 2.93960605212 4.6943391651
9.0 3.3576763609 4.94049819496
10.0 3.66323951508 5.49111641165
11.0 4.02186810291 5.89933962634
12.0 4.35400062279 6.27078904375
13.0 4.70833716307 6.45152827971
14.0 5.12957185106 6.74884154083
15.0 5.38530502598 7.29125589466
16.0 5.7070904179 7.465532634
17.0 6.12611403201 7.65883464605
18.0 6.48604432042 8.10119927552
19.0 6.56873365902 8.60373280498
20.0 6.95774462714 8.66797508099
21.0 7.07470284615 9.01252649491
22.0 7.54630011435 9.12218989532
23.0 7.79111534346 9.27576669233
24.0 7.86708391446 9.78792137673
25.0 8.2852723413 10.0044909065
26.0 8.6437118105 10.2850802252
27.0 8.60389314405 10.4960292105
28.0 8.90424387422 10.785543613
29.0 9.16626665236 11.1816677477
30.0 9.55541040523 11.4156610242
31.0 9.37544305592 11.6057128133
32.0 9.67318963212 11.9400504962
33.0 9.88090237874 12.1496828023
34.0 10.1840966902 12.4627574296
35.0 10.2742701039 12.5629422871
36.0 10.3777108043 12.7586317517
37.0 10.8519350901 13.39848757
38.0 10.9974750674 13.270197085
39.0 11.0916249344 13.3712027067
40.0 11.2546857602 13.794627084
41.0 11.2559047607 14.0974598779
42.0 11.1586434831 13.9500677482
43.0 11.5851422168 14.4584715774
44.0 11.6346507298 14.49150416
45.0 11.9469852273 15.0033374214
46.0 11.6209700139 15.2594126134
47.0 12.2320002354 15.6541930892
48.0 11.9790561289 15.5608823814
49.0 12.3586666806 15.8499354878
50.0 12.3009382468 16.1871339301
51.0 12.6165719096 15.9306860156
52.0 12.5211205686 16.3829114622
53.0 12.6744094926 16.8441890785
54.0 12.5643678322 16.9196948264
55.0 12.884503068 16.8717899383
56.0 12.8691745343 17.2313320474
57.0 12.536581947 17.2384138511
58.0 12.9773931641 17.6376037401
59.0 12.8933388906 17.843223108
60.0 12.7424462118 17.7893340752
61.0 13.4475839248 17.8183390168
62.0 13.0568910266 18.3247111167
63.0 13.6868378806 18.4563153946
64.0 nan nan
65.0 nan nan
66.0 nan nan
67.0 nan nan
68.0 nan nan
69.0 nan nan
70.0 nan nan
71.0 nan nan
72.0 nan nan
73.0 nan nan
74.0 nan nan
75.0 nan nan
76.0 nan nan
77.0 nan nan
78.0 nan nan
79.0 nan nan
80.0 nan nan
81.0 nan nan
82.0 nan nan
83.0 nan nan
84.0 nan nan
85.0 nan nan
86.0 nan nan
87.0 nan nan
88.0 nan nan
89.0 nan nan
90.0 nan nan
91.0 nan nan
92.0 nan nan
93.0 nan nan
94.0 nan nan
95.0 nan nan
96.0 nan nan
97.0 nan nan
98.0 nan nan
99.0 nan nan
100.0 nan nan
101.0 nan nan
102.0 nan nan
103.0 nan nan
104.0 nan nan
105.0 nan nan
106.0 nan nan
107.0 nan nan
108.0 nan nan
109.0 nan nan
110.0 nan nan
111.0 nan nan
112.0 nan nan
113.0 nan nan
114.0 nan nan
115.0 nan nan
116.0 nan nan
117.0 nan nan
118.0 nan nan
119.0 nan nan
120.0 nan nan
121.0 nan nan
122.0 nan nan
123.0 nan nan
124.0 nan nan
125.0 nan nan
126.0 nan nan
127.0 nan nan
