0.0 0.0 0.0
1.0 0.532840383355 0.539626416156
2.0 0.532071947384 0.533332924339
3.0 0.723356018168 1.44513505038
4.0 0.700531473575 1.47595262146
5.0 1.21579080423 2.18388383993
6.0 1.30305772 2.11850169806
7.0 1.63731723687 2.71431080982
8.0 1.68522809336 2.79232863721
9.0 2.07071485365 3.35279828687
10.0 2.18301559694 3.38943918255
11.0 2.49736252867 3.73545643551
12.0 2.53011876484 3.86646955124
13.0 2.77585196708 4.18874406423
14.0 3.00114902727 4.42810234681
15.0 3.21708037561 4.55348542799
16.0 3.41254364635 4.83899394669
17.0 3.63229566945 5.08778248356
18.0 3.8310425977 5.27369712809
19.0 3.98473419227 5.61320171042
20.0 4.10795339995 5.56492199548
21.0 4.37964964736 5.8848915694
22.0 4.46281265983 5.887724063
23.0 4.71343210808 6.14246118294
24.0 4.8452212961 6.3428836992
25.0 5.09781108403 6.609652956
26.0 5.13101931092 6.74451254529
27.0 5.388851294 7.13706982394
28.0 5.65873132565 6.86793308253
29.0 5.6382208221 7.25386873989
30.0 5.82033300452 7.48542823013
31.0 5.91956346234 7.6744368423
32.0 6.17840469795 7.82214715278
33.0 6.35915530591 7.8620479524
34.0 6.41638229822 8.05807454144
35.0 6.53994868815 8.22329891557
36.0 6.61580613786 8.46459281978
37.0 6.69345785212 8.5465730789
38.0 7.10530468342 8.52813913113
39.0 7.24999350316 8.87390459801
40.0 7.20874840024 8.84479700349
41.0 7.52341585814 9.38845344999
42.0 7.52842335761 9.3217269628
43.0 7.63008124418 9.28024270235
44.0 7.871304167 9.71290861714
45.0 7.89734398727 9.99324970224
46.0 8.26020471469 10.2369658161
47.0 8.33775427569 10.1037640618
48.0 8.32347486816 10.0600911624
49.0 8.40965460329 10.4403477417
50.0 8.4338963825 10.4651221466
51.0 8.82492118018 11.07938116
52.0 8.90714556077 10.8033430802
53.0 8.95562163091 10.9292128282
54.0 9.06549113552 11.191855642
55.0 9.0209237373 11.0687095732
56.0 9.29880400959 11.3473721582
57.0 9.58841878126 11.3445833493
58.0 9.3183127296 11.5390792592
59.0 9.43040558869 11.6733805475
60.0 9.81835410405 11.9134908628
61.0 10.0030738748 12.3090296383
62.0 9.75508537554 12.0190908203
63.0 9.77032909168 12.1969327778
64.0 10.1435449783 12.5983742477
65.0 9.93453471256 12.5014890051
66.0 9.8836864703 12.6698765906
67.0 10.3713415871 12.429430874
68.0 10.5926656281 12.8511799466
69.0 10.6526930845 13.1579878386
70.0 10.3749223332 13.1834403375
71.0 11.0620247277 12.875879013
72.0 10.8407952432 13.3142456854
73.0 10.6870395097 13.4664132691
74.0 11.0577715788 13.2350544107
75.0 10.9260158886 13.5177908739
76.0 11.1815048874 13.8245668644
77.0 11.2019779797 13.5514602048
78.0 11.4168195971 13.6003763259
79.0 11.4369393848 14.1683870866
80.0 11.4004911383 13.9937392044
81.0 11.3907660656 13.9714209795
82.0 11.7264189393 14.1944016715
83.0 11.6278587746 13.9862127368
84.0 11.5733743241 14.3499611406
85.0 11.9529960489 14.0470487595
86.0 12.1439462372 14.3371875195
87.0 12.0448230123 14.9510020942
88.0 11.9922520867 14.4008187542
89.0 11.9192349659 14.598718769
90.0 11.9216725583 14.7782925645
91.0 12.0757867693 14.9217145644
92.0 11.7637150527 14.8235761461
93.0 12.4896620859 14.8547037894
94.0 12.0620220461 14.6217394184
95.0 12.3911643069 14.9035765163
96.0 12.1925186467 14.8691781399
97.0 12.6550296689 15.1280086381
98.0 12.9691044778 14.9839738102
99.0 12.5505604648 15.1395498956
100.0 13.0072474021 15.1507693626
101.0 12.8849050371 15.0507930376
102.0 13.0025616615 15.4042858857
103.0 12.8191054389 15.2573366375
104.0 12.968017501 15.3472551175
105.0 13.2510767851 15.4090469593
106.0 13.1118629091 15.3136923361
107.0 12.978948783 15.7154702902
108.0 13.4201234737 15.4635117799
109.0 13.3646067643 16.098641776
110.0 13.1380949061 15.5597801069
111.0 13.4372096827 16.0886315118
112.0 13.062711029 15.9173638152
113.0 12.9272382577 16.0462963455
114.0 13.2847125711 16.1745398637
115.0 13.1897744397 16.105974561
116.0 13.3677185786 16.0795102156
117.0 13.6138763757 16.361326912
118.0 13.3744242235 16.2560232347
119.0 13.569064432 16.3330705668
120.0 13.6723763681 16.7722915063
121.0 13.4649029781 16.418467405
122.0 13.7912940916 15.9728167954
123.0 13.8210626885 16.2640808034
124.0 13.9679167706 16.3976027347
125.0 13.7163105051 16.5612673919
126.0 13.801220708 16.9801374804
127.0 13.634684281 16.74485163
128.0 nan nan
129.0 nan nan
130.0 nan nan
131.0 nan nan
132.0 nan nan
133.0 nan nan
134.0 nan nan
135.0 nan nan
136.0 nan nan
137.0 nan nan
138.0 nan nan
139.0 nan nan
140.0 nan nan
141.0 nan nan
142.0 nan nan
143.0 nan nan
144.0 nan nan
145.0 nan nan
146.0 nan nan
147.0 nan nan
148.0 nan nan
149.0 nan nan
150.0 nan nan
151.0 nan nan
152.0 nan nan
153.0 nan nan
154.0 nan nan
155.0 nan nan
156.0 nan nan
157.0 nan nan
158.0 nan nan
159.0 nan nan
160.0 nan nan
161.0 nan nan
162.0 nan nan
163.0 nan nan
164.0 nan nan
165.0 nan nan
166.0 nan nan
167.0 nan nan
168.0 nan nan
169.0 nan nan
170.0 nan nan
171.0 nan nan
172.0 nan nan
173.0 nan nan
174.0 nan nan
175.0 nan nan
176.0 nan nan
177.0 nan nan
178.0 nan nan
179.0 nan nan
180.0 nan nan
181.0 nan nan
182.0 nan nan
183.0 nan nan
184.0 nan nan
185.0 nan nan
186.0 nan nan
187.0 nan nan
188.0 nan nan
189.0 nan nan
190.0 nan nan
191.0 nan nan
192.0 nan nan
193.0 nan nan
194.0 nan nan
195.0 nan nan
196.0 nan nan
197.0 nan nan
198.0 nan nan
199.0 nan nan
200.0 nan nan
201.0 nan nan
202.0 nan nan
203.0 nan nan
204.0 nan nan
205.0 nan nan
206.0 nan nan
207.0 nan nan
208.0 nan nan
209.0 nan nan
210.0 nan nan
211.0 nan nan
212.0 nan nan
213.0 nan nan
214.0 nan nan
215.0 nan nan
216.0 nan nan
217.0 nan nan
218.0 nan nan
219.0 nan nan
220.0 nan nan
221.0 nan nan
222.0 nan nan
223.0 nan nan
224.0 nan nan
225.0 nan nan
226.0 nan nan
227.0 nan nan
228.0 nan nan
229.0 nan nan
230.0 nan nan
231.0 nan nan
232.0 nan nan
233.0 nan nan
234.0 nan nan
235.0 nan nan
236.0 nan nan
237.0 nan nan
238.0 nan nan
239.0 nan nan
240.0 nan nan
241.0 nan nan
242.0 nan nan
243.0 nan nan
244.0 nan nan
245.0 nan nan
246.0 nan nan
247.0 nan nan
248.0 nan nan
249.0 nan nan
250.0 nan nan
251.0 nan nan
252.0 nan nan
253.0 nan nan
254.0 nan nan
255.0 nan nan
