0.0 0.0 0.0
1.0 0.07961225246793487 0.2358172292808111
2.0 0.07880475607849233 0.23773620528162737
3.0 0.12833198060887518 0.6239926203825045
4.0 0.11749889379729893 0.6402432910950877
5.0 0.19032183345126674 0.9692289148777085
6.0 0.20431377810169835 1.0788026741571695
7.0 0.2804995999683967 1.3716629281617698
8.0 0.2906183802590005 1.3425667801087013
9.0 0.37656357868715795 1.64225637553282
10.0 0.3936241394816122 1.7325144561877306
11.0 0.4606815301770994 1.8931751787334916
12.0 0.4945462738501213 2.022245987984558
13.0 0.5719734349600485 2.2160439006225103
14.0 0.6079114350842266 2.330729064753544
15.0 0.6563066889816884 2.4922319557378354
16.0 0.7081359238723799 2.5758517855842316
17.0 0.7758386704073247 2.7039994490246335
18.0 0.7936714178377285 2.8170085943312677
19.0 0.8518398926996653 2.895104891356647
20.0 0.8938415584636127 3.0388521292025215
21.0 0.9539005607689958 3.10774966411219
22.0 0.9931914944172835 3.1801860022888966
23.0 1.0613792022294335 3.319994275770163
24.0 1.079610401746937 3.351236355182586
25.0 1.1685029445348325 3.448140844930181
26.0 1.165543138725451 3.4901021139938253
27.0 1.264211988863097 3.702799269931377
28.0 1.2565142254182282 3.6824917205894554
29.0 1.274596854884549 3.7879529842192285
30.0 1.3271893224867035 3.8454675359532136
31.0 1.373727739392237 3.971465881085769
32.0 1.3788530486907047 4.041853766070407
33.0 1.4419817422065593 4.1148200818240745
34.0 1.501962882650757 4.127363363862475
35.0 1.5540056172007357 4.225081638893656
36.0 1.5804045522724057 4.291457704709321
37.0 1.649219241424172 4.347490041548984
38.0 1.6735214251683552 4.3526466814166085
39.0 1.678063867100916 4.477305532029191
40.0 1.695198509341007 4.657334115584162
41.0 1.7774360195987997 4.521761357399748
42.0 1.7868094622695463 4.718230552262998
43.0 1.8577176950722774 4.882259831811848
44.0 1.8491380745793413 4.821206047391855
45.0 1.8984489672316305 4.863485228676929
46.0 1.9314320120743111 4.9727197878042055
47.0 1.9111735843637736 4.996859282570796
48.0 2.000039720822405 5.081998667311707
49.0 1.9988458569202394 5.194416803856877
50.0 2.065755102683247 5.292812986469449
51.0 2.11821516935188 5.451860521729976
52.0 2.1193199441808503 5.35130043241412
53.0 2.102106302490338 5.593796853251929
54.0 2.1344467067176653 5.573827233395272
55.0 2.1632017965396755 5.663198766870211
56.0 2.2121391182096883 5.821534279261033
57.0 2.2517350123385764 5.873975115329241
58.0 2.2662075234623336 5.9690404296949975
59.0 2.3753218043884714 6.096751494469794
60.0 2.332146667959716 6.082727569854461
61.0 2.3528628794814517 6.153414338691685
62.0 2.4532535284749466 6.269754813416593
63.0 2.4604862579319784 6.475922190042821
64.0 nan nan
65.0 nan nan
66.0 nan nan
67.0 nan nan
68.0 nan nan
69.0 nan nan
70.0 nan nan
71.0 nan nan
72.0 nan nan
73.0 nan nan
74.0 nan nan
75.0 nan nan
76.0 nan nan
77.0 nan nan
78.0 nan nan
79.0 nan nan
80.0 nan nan
81.0 nan nan
82.0 nan nan
83.0 nan nan
84.0 nan nan
85.0 nan nan
86.0 nan nan
87.0 nan nan
88.0 nan nan
89.0 nan nan
90.0 nan nan
91.0 nan nan
92.0 nan nan
93.0 nan nan
94.0 nan nan
95.0 nan nan
96.0 nan nan
97.0 nan nan
98.0 nan nan
99.0 nan nan
100.0 nan nan
101.0 nan nan
102.0 nan nan
103.0 nan nan
104.0 nan nan
105.0 nan nan
106.0 nan nan
107.0 nan nan
108.0 nan nan
109.0 nan nan
110.0 nan nan
111.0 nan nan
112.0 nan nan
113.0 nan nan
114.0 nan nan
115.0 nan nan
116.0 nan nan
117.0 nan nan
118.0 nan nan
119.0 nan nan
120.0 nan nan
121.0 nan nan
122.0 nan nan
123.0 nan nan
124.0 nan nan
125.0 nan nan
126.0 nan nan
127.0 nan nan
