0.0 0.0 0.0
1.0 1.31921062717 1.93083130047
2.0 1.32485277217 1.86495654327
3.0 2.24333069033 3.54791166791
4.0 2.4292923718 4.01301910563
5.0 3.69131685711 5.01360268666
6.0 3.85663219479 5.5106792071
7.0 4.79968608153 6.38040333367
8.0 4.88222213922 6.70316007298
9.0 5.78615731775 7.69366165666
10.0 6.04132330475 8.19830204216
11.0 6.71447152261 8.97639701448
12.0 6.84953562735 9.0631892124
13.0 7.19918866816 9.93680934688
14.0 7.37254655935 10.4059433425
15.0 7.91610304343 11.0257778131
16.0 nan nan
17.0 nan nan
18.0 nan nan
19.0 nan nan
20.0 nan nan
21.0 nan nan
22.0 nan nan
23.0 nan nan
24.0 nan nan
25.0 nan nan
26.0 nan nan
27.0 nan nan
28.0 nan nan
29.0 nan nan
30.0 nan nan
31.0 nan nan
